x  y  frame  time(s)
146 120 4 0.159047
150 120 6 0.238571
150 120 8 0.318094
152 122 9 0.357856
152 120 13 0.516903
152 120 14 0.556665
152 120 15 0.596427
152 120 18 0.715712
152 120 19 0.755474
152 120 22 0.874760
152 120 25 0.994045
152 120 26 1.033807
152 120 31 1.232616
152 120 36 1.431425
150 120 37 1.471187
150 118 38 1.510948
146 116 40 1.590472
144 114 41 1.630234
140 110 43 1.709757
138 108 44 1.749519
130 100 47 1.868805
124 94 49 1.948328
118 88 51 2.027852
114 86 52 2.067614
112 82 53 2.107375
106 78 58 2.306184
106 76 59 2.345946
106 78 71 2.823088
116 76 87 3.459277
118 76 88 3.499038
136 74 92 3.658086
152 74 94 3.737609
178 72 100 3.976180
182 72 101 4.015942
186 72 102 4.055704
194 72 106 4.214751
194 72 107 4.254513
194 72 108 4.294274
194 72 109 4.334036
194 70 110 4.373798
194 72 112 4.453322
194 72 113 4.493083
194 72 114 4.532845
194 70 116 4.612369
194 72 117 4.652131
194 72 119 4.731654
194 72 120 4.771416
194 72 121 4.811178
192 72 130 5.169034
194 74 131 5.208796
192 76 134 5.328081
192 76 135 5.367843
192 78 138 5.487128
194 82 146 5.805223
194 82 147 5.844985
194 82 150 5.964270
194 82 151 6.004032
194 82 153 6.083555
194 84 157 6.242603
194 82 160 6.361888
194 84 162 6.441412
192 84 163 6.481173
190 86 165 6.560697
188 88 166 6.600459
184 92 167 6.640221
184 94 168 6.679982
178 100 169 6.719744
176 102 170 6.759506
158 122 175 6.958315
152 128 177 7.037839
152 128 178 7.077600
148 134 180 7.157124
142 140 182 7.236648
140 144 196 7.793313
138 144 199 7.912598
140 144 200 7.952360
140 138 203 8.071645
142 136 204 8.111407
158 84 216 8.588549
162 76 219 8.707834
162 74 221 8.787358
164 72 226 8.986167
164 72 228 9.065690
164 72 229 9.105452
164 72 230 9.145214
164 74 231 9.184976
164 72 233 9.264499
162 78 247 9.821165
160 92 253 10.059735
158 100 254 10.099497
158 104 256 10.179021
154 118 260 10.338068
154 124 262 10.417592
152 132 267 10.616401
152 132 271 10.775448
152 132 272 10.815210
152 132 277 11.014019
152 132 282 11.212828
154 132 284 11.292351
158 132 288 11.451398
180 196 289 11.491160
174 130 297 11.809255
176 130 298 11.849016
176 130 299 11.888778
178 130 300 11.928540
180 130 302 12.008064
180 130 303 12.047825
182 130 318 12.644252
182 130 319 12.684014
182 130 320 12.723776
180 130 322 12.803300
180 130 323 12.843061
174 126 326 12.962347
166 120 330 13.121394
158 114 333 13.240679
152 110 335 13.320203
140 100 340 13.519012
138 100 341 13.558774
136 98 342 13.598536
136 98 344 13.678059
136 98 345 13.717821
134 98 347 13.797345
134 98 363 14.433533
134 98 366 14.552819
136 96 370 14.711866
148 96 374 14.870913
148 96 375 14.910675
158 96 378 15.029960
164 96 379 15.069722
192 94 390 15.507102
194 94 391 15.546864
194 94 394 15.666149
194 94 395 15.705911
194 94 399 15.864958
194 94 404 16.063767
194 94 406 16.143291
194 94 407 16.183053
192 96 411 16.342100
192 98 412 16.381862
190 98 413 16.421623
190 98 414 16.461385
186 100 417 16.580671
184 104 421 16.739718
210 196 422 16.779480
182 104 423 16.819241
182 106 424 16.859003
180 106 425 16.898765
180 106 426 16.938527
180 106 428 17.018050
180 106 431 17.137336
180 106 432 17.177098
180 106 433 17.216859
180 106 434 17.256621
180 106 435 17.296383
180 106 436 17.336145
180 106 437 17.375907
180 106 438 17.415668
180 106 440 17.495192
180 106 444 17.654239
180 106 445 17.694001
180 106 446 17.733763
178 106 448 17.813286
174 106 451 17.932572
174 106 452 17.972334
162 108 458 18.210904
160 108 460 18.290428
156 108 462 18.369952
156 108 463 18.409713
154 108 464 18.449475
152 108 465 18.489237
150 108 467 18.568761
150 108 469 18.648284
150 108 470 18.688046
150 108 474 18.847093
150 108 478 19.006140
150 108 480 19.085664
150 108 484 19.244711
150 108 485 19.284473
150 108 486 19.324235
150 108 487 19.363997
150 108 488 19.403758
152 110 490 19.483282
162 116 495 19.682091
166 120 496 19.721853
186 132 503 20.000185
186 134 504 20.039947
188 136 505 20.079709
196 140 509 20.238756
196 140 510 20.278518
196 140 512 20.358042
196 140 513 20.397803
196 140 514 20.437565
196 140 515 20.477327
196 140 516 20.517089
196 140 517 20.556851
198 140 519 20.636374
198 140 520 20.676136
200 140 521 20.715898
202 140 523 20.795421
202 140 524 20.835183
202 140 525 20.874945
202 138 529 21.033992
202 138 530 21.073754
202 138 532 21.153278
202 138 533 21.193039
202 138 534 21.232801
200 138 535 21.272563
200 138 536 21.312325
198 138 540 21.471372
198 138 541 21.511134
198 138 542 21.550896
198 136 546 21.709943
198 134 547 21.749705
200 134 549 21.829228
198 132 550 21.868990
200 132 552 21.948514
200 130 554 22.028037
198 130 555 22.067799
198 130 557 22.147323
198 128 558 22.187084
200 128 559 22.226846
200 128 560 22.266608
200 128 563 22.385893
200 128 565 22.465417
200 128 566 22.505179
198 128 568 22.584702
198 128 571 22.703988
200 128 573 22.783511
200 128 575 22.863035
200 128 576 22.902797
198 126 577 22.942559
196 124 579 23.022082
194 122 580 23.061844
194 120 581 23.101606
184 106 586 23.300415
168 84 595 23.658271
168 82 598 23.777556
166 82 602 23.936604
166 82 604 24.016127
166 82 610 24.254698
168 84 613 24.373983
168 84 615 24.453507
168 86 616 24.493269
168 86 617 24.533031
168 88 618 24.572792
168 90 620 24.652316
168 98 625 24.851125
168 104 630 25.049934
168 104 631 25.089696
168 104 636 25.288505
168 104 637 25.328267
168 104 638 25.368028
168 104 640 25.447552
168 106 645 25.646361
168 106 649 25.805408
168 106 650 25.845170
168 106 651 25.884932
168 106 652 25.924694
168 106 653 25.964455
162 106 660 26.242788
160 106 661 26.282550
158 106 662 26.322312
156 106 664 26.401835
148 108 667 26.521121
144 108 670 26.640406
142 108 671 26.680168
142 108 672 26.719930
140 108 673 26.759691
138 108 675 26.839215
138 108 679 26.998262
138 108 682 27.117548
138 108 684 27.197071
138 108 687 27.316357
138 108 688 27.356118
138 108 693 27.554927
138 108 694 27.594689
136 106 696 27.674213
136 106 697 27.713975
134 106 698 27.753736
128 100 702 27.912784
124 98 704 27.992307
120 96 706 28.071831
118 94 707 28.111593
116 94 708 28.151354
112 90 711 28.270640
110 88 714 28.389925
108 88 720 28.628496
108 88 726 28.867067
108 88 727 28.906829
108 88 728 28.946590
108 88 729 28.986352
108 88 731 29.065876
108 88 735 29.224923
108 88 736 29.264685
108 88 737 29.304447
110 108 748 29.741826
110 110 749 29.781588
110 122 757 30.099683
110 122 758 30.139444
110 122 759 30.179206
110 122 769 30.576824
110 122 774 30.775633
110 122 778 30.934680
112 122 781 31.053966
110 120 782 31.093728
112 120 783 31.133489
114 110 788 31.332298
116 102 791 31.451584
116 96 793 31.531107
118 92 794 31.570869
118 86 796 31.650393
122 76 803 31.928725
120 76 804 31.968487
120 74 806 32.048011
122 74 809 32.167296
120 74 811 32.246820
122 74 812 32.286582
120 200 825 32.803485
120 76 828 32.922770
120 78 830 33.002294
120 78 831 33.042056
18 168 833 33.121579
122 96 843 33.519197
122 96 844 33.558959
122 98 847 33.678245
124 100 853 33.916815
122 100 855 33.996339
122 100 861 34.234910
122 100 863 34.314433
122 100 865 34.393957
122 100 873 34.712051
122 100 876 34.831337
122 102 878 34.910860
122 106 884 35.149431
122 106 885 35.189193
122 108 887 35.268717
122 110 892 35.467526
122 110 895 35.586811
122 110 896 35.626573
122 110 901 35.825382
122 110 909 36.143476
124 112 911 36.223000
124 118 916 36.421809
124 134 923 36.700141
124 134 924 36.739903
126 136 925 36.779665
126 140 927 36.859189
126 144 940 37.376092
126 144 947 37.654425
128 144 948 37.694186
130 142 949 37.733948
132 142 950 37.773710
142 136 953 37.892995
146 134 955 37.972519
158 126 958 38.091804
172 120 961 38.211090
176 118 962 38.250852
184 114 964 38.330375
196 106 970 38.568946
196 106 971 38.608708
196 106 972 38.648470
196 106 973 38.688231
196 106 974 38.727993
196 106 975 38.767755
196 106 976 38.807517
196 106 977 38.847279
196 106 979 38.926802
196 106 980 38.966564
196 106 981 39.006326
194 106 985 39.165373
194 106 986 39.205135
194 106 989 39.324420
192 106 991 39.403944
190 106 992 39.443706
156 116 1003 39.881085
144 120 1007 40.040133
140 120 1009 40.119656
138 122 1011 40.199180
136 122 1013 40.278703
136 122 1015 40.358227
136 122 1025 40.755845
138 122 1027 40.835369
136 122 1033 41.073939
136 120 1039 41.312510
136 114 1043 41.471557
136 112 1044 41.511319
136 100 1050 41.749890
134 94 1053 41.869175
134 88 1058 42.067984
134 88 1059 42.107746
134 88 1063 42.266793
134 88 1065 42.346317
134 88 1070 42.545126
140 84 1078 42.863220
148 82 1081 42.982506
152 82 1083 43.062029
154 80 1084 43.101791
162 78 1086 43.181315
170 76 1090 43.340362
172 74 1091 43.380124
174 74 1092 43.419886
176 74 1093 43.459647
178 74 1102 43.817504
178 74 1103 43.857265
178 72 1105 43.936789
178 72 1109 44.095836
178 72 1110 44.135598
178 72 1111 44.175360
178 74 1116 44.374169
178 72 1120 44.533216
178 72 1123 44.652501
178 76 1125 44.732025
178 76 1126 44.771787
176 86 1129 44.891072
176 92 1130 44.930834
174 98 1132 45.010358
174 106 1133 45.050119
172 114 1136 45.169405
170 122 1137 45.209167
170 130 1140 45.328452
168 134 1141 45.368214
168 142 1146 45.567023
168 142 1147 45.606785
168 142 1148 45.646546
168 142 1156 45.964641
168 144 1157 46.004403
168 144 1159 46.083926
168 144 1160 46.123688
168 144 1162 46.203212
166 142 1165 46.322497
166 142 1166 46.362259
166 142 1167 46.402021
154 140 1173 46.640591
150 140 1175 46.720115
136 136 1180 46.918924
132 136 1181 46.958686
132 136 1182 46.998448
128 134 1184 47.077971
124 134 1187 47.197257
124 134 1201 47.753922
124 134 1206 47.952731
128 130 1209 48.072016
132 126 1211 48.151540
136 122 1213 48.231063
140 120 1214 48.270825
140 120 1215 48.310587
144 114 1216 48.350349
150 110 1219 48.469634
158 104 1222 48.588920
160 100 1224 48.668443
164 96 1230 48.907014
164 96 1236 49.145585
164 98 1237 49.185347
164 96 1241 49.344394
164 96 1250 49.702250
164 98 1254 49.861297
166 98 1256 49.940821
166 100 1257 49.980583
168 102 1259 50.060106
168 104 1260 50.099868
170 104 1261 50.139630
170 106 1262 50.179392
172 108 1263 50.219153
174 110 1265 50.298677
176 114 1268 50.417962
178 116 1270 50.497486
178 118 1272 50.577010
180 118 1273 50.616771
180 120 1277 50.775819
180 118 1278 50.815580
180 120 1283 51.014389
180 120 1284 51.054151
180 120 1285 51.093913
180 120 1286 51.133675
180 120 1287 51.173437
180 118 1290 51.292722
180 118 1291 51.332484
178 118 1292 51.372246
178 118 1293 51.412007
176 116 1295 51.491531
170 112 1298 51.610816
166 110 1300 51.690340
162 106 1302 51.769864
156 102 1305 51.889149
154 102 1306 51.928911
154 100 1307 51.968673
150 98 1313 52.207243
150 98 1314 52.247005
150 98 1316 52.326529
150 98 1317 52.366291
150 98 1318 52.406052
150 98 1319 52.445814
150 98 1320 52.485576
130 202 1321 52.525338
150 98 1322 52.565100
150 98 1323 52.604861
150 98 1324 52.644623
150 98 1325 52.684385
150 98 1327 52.763909
150 98 1329 52.843432
150 98 1331 52.922956
150 100 1333 53.002479
142 118 1344 53.439859
142 120 1345 53.479621
140 128 1349 53.638668
138 130 1350 53.678430
138 132 1351 53.718192
138 132 1353 53.797715
138 134 1354 53.837477
138 134 1355 53.877239
138 134 1360 54.076048
138 134 1361 54.115810
136 134 1373 54.592951
136 134 1377 54.751999
136 134 1379 54.831522
140 134 1383 54.990569
142 134 1384 55.030331
150 134 1389 55.229140
152 134 1391 55.308664
162 132 1396 55.507473
168 132 1404 55.825567
168 132 1405 55.865329
166 132 1410 56.064138
166 132 1412 56.143662
166 132 1417 56.342471
166 132 1420 56.461756
166 132 1426 56.700327
166 130 1430 56.859374
164 130 1431 56.899136
158 124 1435 57.058183
154 120 1436 57.097945
154 120 1437 57.137707
150 116 1438 57.177468
142 108 1441 57.296754
138 106 1442 57.336516
128 96 1445 57.455801
126 92 1447 57.535325
124 92 1448 57.575086
120 88 1452 57.734134
120 88 1453 57.773895
120 88 1455 57.853419
120 88 1459 58.012466
120 88 1460 58.052228
120 88 1466 58.290799
120 88 1469 58.410084
120 88 1470 58.449846
120 90 1475 58.648655
120 92 1476 58.688417
126 100 1480 58.847464
136 114 1484 59.006511
142 126 1488 59.165558
144 130 1489 59.205320
146 134 1491 59.284844
150 140 1494 59.404129
152 144 1498 59.563176
152 144 1499 59.602938
152 144 1500 59.642700
152 142 1504 59.801747
152 144 1512 60.119842
152 144 1513 60.159603
152 144 1515 60.239127
152 144 1518 60.358412
152 144 1519 60.398174
152 144 1521 60.477698
152 142 1522 60.517460
154 142 1523 60.557221
154 140 1524 60.596983
158 130 1528 60.756030
158 128 1529 60.795792
162 118 1531 60.875316
174 90 1540 61.233172
176 86 1542 61.312696
178 86 1543 61.352457
178 84 1545 61.431981
178 84 1546 61.471743
178 84 1547 61.511505
178 84 1548 61.551266
178 84 1549 61.591028
178 84 1550 61.630790
178 84 1551 61.670552
178 84 1553 61.750075
178 84 1554 61.789837
178 84 1555 61.829599
178 84 1556 61.869361
178 84 1557 61.909123
178 84 1558 61.948884
178 84 1566 62.266979
176 84 1568 62.346502
178 84 1571 62.465788
176 90 1576 62.664597
174 92 1577 62.704359
174 94 1578 62.744120
172 96 1579 62.783882
166 114 1588 63.141738
164 116 1589 63.181500
164 118 1590 63.221262
164 118 1591 63.261024
164 120 1593 63.340547
164 120 1597 63.499595
164 120 1600 63.618880
164 120 1608 63.936974
164 120 1609 63.976736
164 120 1612 64.096022
164 120 1613 64.135783
164 120 1614 64.175545
164 120 1616 64.255069
164 120 1617 64.294831
164 120 1618 64.334592
164 122 1620 64.414116
164 120 1622 64.493640
162 116 1624 64.573163
154 92 1633 64.931019
150 84 1637 65.090067
146 76 1642 65.288876
148 76 1645 65.408161
148 76 1646 65.447923
148 76 1647 65.487685
146 74 1648 65.527446
148 74 1652 65.686494
148 74 1665 66.203397
148 74 1666 66.243159
148 78 1670 66.402206
154 88 1673 66.521491
160 100 1676 66.640777
160 100 1677 66.680539
166 112 1679 66.760062
176 134 1685 66.998633
180 140 1688 67.117918
180 142 1689 67.157680
180 142 1690 67.197442
180 142 1692 67.276966
180 142 1693 67.316727
180 142 1694 67.356489
180 142 1695 67.396251
180 142 1696 67.436013
180 142 1698 67.515536
180 142 1699 67.555298
180 142 1701 67.634822
180 142 1703 67.714345
180 142 1704 67.754107
180 142 1706 67.833631
180 142 1707 67.873393
180 142 1709 67.952916
182 140 1711 68.032440
184 136 1714 68.151725
184 136 1715 68.191487
186 130 1718 68.310772
188 130 1719 68.350534
190 126 1721 68.430058
190 126 1722 68.469820
194 120 1728 68.708390
194 118 1732 68.867438
194 118 1733 68.907199
194 118 1737 69.066247
194 118 1738 69.106008
194 118 1746 69.424103
194 120 1750 69.583150
194 118 1752 69.662674
174 120 1764 70.139815
170 120 1765 70.179577
168 120 1766 70.219339
150 122 1770 70.378386
138 122 1772 70.457910
134 122 1773 70.497671
122 124 1779 70.736242
122 124 1786 71.014575
122 124 1792 71.253146
122 124 1796 71.412193
122 124 1798 71.491716
120 124 1802 71.650764
118 126 1807 71.849573
116 130 1810 71.968858
114 130 1811 72.008620
112 134 1815 72.167667
110 134 1819 72.326714
110 136 1831 72.803856
108 136 1840 73.161712
108 136 1843 73.280997
108 136 1847 73.440045
110 136 1849 73.519568
110 138 1853 73.678615
110 138 1854 73.718377
110 140 1855 73.758139
110 142 1860 73.956948
110 146 1882 74.831708
112 146 1886 74.990755
118 142 1890 75.149802
122 138 1892 75.229326
146 120 1898 75.467896
170 102 1905 75.746229
178 98 1908 75.865514
178 96 1913 76.064323
178 96 1914 76.104085
178 96 1917 76.223371
178 96 1922 76.422180
178 96 1926 76.581227
174 94 1929 76.700512
170 92 1931 76.780036
168 92 1932 76.819798
162 88 1935 76.939083
148 82 1940 77.137892
138 78 1944 77.296939
132 78 1951 77.575272
132 76 1954 77.694557
132 76 1957 77.813843
134 78 1968 78.251222
134 78 1969 78.290984
136 82 1972 78.410270
140 82 1975 78.529555
142 82 1978 78.648840
144 84 1980 78.728364
144 86 1982 78.807888
144 86 1983 78.847649
144 86 1984 78.887411
146 88 1986 78.966935
146 88 1987 79.006697
146 88 1988 79.046458
146 86 1989 79.086220
148 86 1990 79.125982
148 86 1991 79.165744
148 86 1993 79.245267
148 86 1997 79.404315
148 86 1998 79.444076
150 88 2004 79.682647
150 88 2005 79.722409
150 88 2006 79.762171
150 88 2007 79.801933
148 88 2013 80.040503
148 88 2014 80.080265
148 88 2015 80.120027
146 88 2017 80.199551
144 88 2019 80.279074
142 88 2020 80.318836
136 90 2023 80.438121
134 92 2024 80.477883
124 96 2028 80.636930
120 96 2029 80.676692
112 100 2033 80.835739
110 100 2034 80.875501
106 102 2038 81.034548
108 102 2045 81.312881
106 102 2046 81.352643
106 102 2049 81.471928
106 106 2066 82.147879
106 108 2067 82.187641
106 108 2068 82.227402
106 110 2072 82.386450
108 112 2075 82.505735
108 112 2084 82.863591
108 112 2086 82.943115
108 112 2091 83.141924
110 112 2094 83.261209
110 114 2095 83.300971
116 116 2098 83.420256
138 120 2106 83.738351
150 122 2114 84.056445
152 122 2122 84.374540
152 122 2123 84.414301
152 122 2124 84.454063
152 122 2125 84.493825
152 122 2126 84.533587
152 122 2128 84.613110
110 196 2240 89.066432
152 104 2258 89.782144
152 104 2260 89.861668
152 104 2261 89.901430
152 104 2262 89.941192
152 104 2263 89.980953
152 104 2265 90.060477
152 106 2267 90.140001
150 106 2270 90.259286
150 106 2272 90.338810
150 106 2273 90.378571
150 106 2274 90.418333
150 106 2275 90.458095
150 106 2276 90.497857
150 106 2277 90.537619
150 106 2278 90.577380
150 104 2279 90.617142
150 106 2280 90.656904
150 106 2282 90.736428
268 100 2297 91.332855
268 100 2307 91.730473
114 132 2308 91.770234
114 132 2315 92.048567
114 132 2316 92.088329
214 194 2319 92.207614
114 132 2320 92.247376
114 132 2322 92.326900
114 132 2326 92.485947
114 132 2329 92.605232
108 60 2335 92.843803
108 60 2340 93.042612
108 60 2341 93.082374
110 60 2342 93.122136
108 60 2343 93.161897
108 60 2350 93.440230
108 60 2351 93.479992
108 58 2357 93.718563
228 28 2359 93.798086
228 28 2360 93.837848
228 28 2361 93.877610
228 28 2362 93.917372
228 28 2363 93.957133
228 28 2364 93.996895
228 28 2365 94.036657
228 28 2366 94.076419
228 28 2367 94.116181
228 28 2368 94.155942
228 28 2369 94.195704
228 28 2370 94.235466
228 28 2371 94.275228
228 28 2372 94.314990
228 28 2373 94.354751
228 28 2375 94.434275
228 28 2376 94.474037
228 28 2377 94.513799
228 28 2378 94.553560
228 28 2379 94.593322
228 28 2380 94.633084
228 28 2381 94.672846
228 28 2382 94.712608
228 28 2383 94.752369
228 28 2384 94.792131
134 200 2410 95.825938
80 158 2411 95.865700
80 158 2413 95.945223
82 158 2422 96.303080
82 158 2424 96.382603
82 158 2425 96.422365
82 158 2426 96.462127
80 158 2429 96.581412
80 158 2433 96.740459
80 158 2435 96.819983
80 158 2436 96.859745
190 80 2442 97.098316
190 80 2443 97.138077
190 80 2448 97.336886
190 80 2453 97.535695
190 80 2457 97.694743
190 80 2458 97.734504
190 80 2461 97.853790
230 126 2464 97.973075
230 126 2469 98.171884
230 126 2472 98.291170
230 126 2473 98.330931
230 126 2474 98.370693
230 126 2476 98.450217
230 126 2477 98.489979
230 126 2484 98.768311
230 126 2486 98.847835
230 126 2487 98.887597
148 82 2488 98.927358
148 82 2489 98.967120
148 82 2490 99.006882
148 82 2492 99.086406
148 82 2494 99.165929
148 82 2495 99.205691
148 82 2496 99.245453
148 82 2499 99.364738
148 82 2502 99.484024
148 82 2503 99.523785
148 82 2504 99.563547
148 82 2505 99.603309
148 82 2506 99.643071
148 82 2508 99.722594
148 82 2511 99.841880
88 200 2513 99.921403
116 156 2518 100.120212
116 156 2519 100.159974
116 156 2527 100.478069
116 156 2533 100.716639
116 156 2536 100.835925
116 156 2538 100.915448
192 152 2541 101.034734
192 152 2542 101.074496
192 152 2543 101.114257
192 152 2544 101.154019
192 152 2545 101.193781
192 152 2546 101.233543
192 152 2547 101.273305
192 152 2548 101.313066
192 152 2549 101.352828
192 152 2551 101.432352
192 152 2556 101.631161
192 152 2560 101.790208
192 152 2562 101.869732
70 66 2563 101.909493
70 64 2564 101.949255
70 66 2566 102.028779
70 66 2570 102.187826
70 66 2572 102.267350
70 64 2573 102.307111
70 66 2574 102.346873
70 66 2577 102.466159
70 66 2578 102.505920
70 66 2579 102.545682
72 64 2582 102.664968
70 66 2583 102.704729
70 66 2584 102.744491
70 66 2585 102.784253
70 66 2586 102.824015
118 200 2587 102.863777
70 66 2588 102.903538
156 176 2604 103.539727
134 200 2610 103.778298
228 54 2614 103.937345
228 54 2635 104.772343
226 54 2637 104.851867
190 128 2640 104.971152
190 128 2641 105.010914
190 128 2642 105.050676
190 128 2644 105.130199
190 128 2645 105.169961
190 128 2646 105.209723
190 128 2648 105.289246
190 128 2657 105.647103
190 128 2659 105.726626
146 34 2670 106.164006
146 34 2671 106.203768
146 34 2672 106.243530
146 34 2673 106.283291
146 34 2679 106.521862
146 34 2686 106.800195
230 170 2691 106.999004
266 124 2725 108.350905
266 124 2728 108.470190
266 124 2730 108.549714
266 124 2731 108.589476
78 136 2741 108.987094
78 136 2742 109.026856
78 136 2743 109.066617
78 136 2744 109.106379
78 136 2750 109.344950
78 136 2751 109.384712
116 198 2752 109.424474
132 200 2790 110.935422
228 78 2819 112.088514
228 78 2825 112.327085
228 78 2828 112.446370
228 78 2832 112.605418
228 78 2836 112.764465
228 78 2837 112.804227
228 78 2838 112.843988
228 78 2839 112.883750
228 78 2840 112.923512
106 38 2845 113.122321
106 38 2846 113.162083
106 38 2847 113.201845
106 38 2851 113.360892
106 38 2852 113.400654
106 38 2853 113.440415
106 38 2866 113.957319
106 38 2868 114.036842
146 58 2873 114.235651
146 58 2874 114.275413
118 200 2876 114.354937
146 58 2879 114.474222
146 58 2880 114.513984
146 58 2882 114.593508
146 58 2889 114.871840
146 58 2891 114.951364
146 58 2892 114.991126
42 116 2927 116.382789
150 132 2945 117.098501
150 132 2951 117.337072
118 200 2953 117.416595
150 132 2957 117.575643
150 132 2958 117.615404
150 132 2959 117.655166
150 132 2960 117.694928
150 132 2961 117.734690
150 132 2962 117.774452
150 130 2965 117.893737
150 130 2969 118.052784
152 132 2970 118.092546
262 30 3002 119.364924
264 52 3036 120.716825
264 52 3041 120.915634
118 178 3048 121.193966
118 178 3049 121.233728
118 178 3052 121.353014
118 178 3053 121.392775
118 178 3055 121.472299
118 178 3056 121.512061
118 178 3057 121.551823
118 178 3058 121.591584
118 178 3059 121.631346
118 178 3060 121.671108
118 178 3061 121.710870
118 178 3063 121.790393
118 178 3065 121.869917
118 178 3066 121.909679
118 178 3067 121.949441
118 178 3068 121.989202
118 178 3069 122.028964
118 178 3070 122.068726
118 178 3071 122.108488
118 178 3072 122.148250
184 32 3088 122.784438
184 32 3090 122.863962
184 32 3091 122.903724
184 32 3092 122.943486
184 32 3093 122.983247
184 32 3094 123.023009
184 32 3095 123.062771
184 32 3096 123.102533
184 32 3097 123.142295
152 156 3099 123.221818
152 156 3104 123.420627
152 156 3109 123.619436
152 156 3110 123.659198
152 156 3118 123.977292
152 156 3119 124.017054
228 150 3129 124.414672
228 150 3131 124.494196
228 150 3133 124.573719
228 150 3140 124.852052
228 150 3142 124.931576
106 86 3149 125.209908
106 86 3159 125.607526
108 86 3161 125.687050
106 86 3169 126.005144
106 86 3170 126.044906
106 86 3171 126.084668
106 86 3172 126.124430
264 78 3177 126.323239
132 200 3185 126.641333
264 78 3187 126.720857
264 76 3195 127.038951
264 78 3196 127.078713
264 78 3197 127.118475
228 102 3200 127.237760
228 102 3205 127.436569
228 102 3208 127.555854
228 102 3209 127.595616
228 102 3211 127.675140
228 102 3213 127.754663
228 102 3214 127.794425
110 204 3216 127.873949
228 102 3217 127.913711
228 102 3219 127.993234
228 102 3220 128.032996
228 102 3221 128.072758
228 102 3222 128.112520
228 102 3223 128.152281
148 108 3229 128.390852
148 108 3232 128.510138
148 108 3233 128.549899
148 108 3240 128.828232
148 108 3241 128.867994
148 108 3242 128.907756
148 108 3244 128.987279
148 108 3245 129.027041
148 108 3247 129.106565
148 108 3248 129.146326
148 108 3249 129.186088
148 108 3250 129.225850
266 148 3286 130.657275
266 148 3288 130.736798
266 150 3298 131.134416
264 150 3302 131.293464
186 60 3306 131.452511
186 60 3307 131.492273
186 60 3311 131.651320
186 60 3312 131.691082
186 60 3319 131.969414
186 62 3323 132.128461
186 62 3326 132.247747
186 62 3327 132.287509
190 112 3328 132.327270
190 114 3331 132.446556
190 114 3334 132.565841
190 114 3335 132.605603
190 114 3337 132.685127
190 114 3340 132.804412
190 114 3341 132.844174
190 114 3347 133.082745
190 114 3348 133.122506
190 114 3349 133.162268
190 114 3350 133.202030
190 114 3351 133.241792
190 114 3352 133.281554
110 118 3354 133.361077
112 118 3361 133.639410
112 116 3366 133.838219
40 76 3404 135.349167
70 50 3434 136.542021
72 96 3457 137.456543
74 98 3473 138.092731
74 98 3474 138.132493
74 98 3478 138.291540
74 96 3479 138.331302
74 98 3480 138.371064
76 120 3481 138.410826
76 120 3482 138.450588
76 120 3490 138.768682
84 186 3508 139.484394
84 186 3509 139.524156
84 186 3514 139.722965
84 186 3516 139.802489
84 186 3518 139.882012
130 208 3520 139.961536
84 186 3521 140.001298
84 186 3522 140.041060
84 186 3526 140.200107
84 186 3528 140.279630
84 186 3530 140.359154
84 186 3532 140.438678
266 108 3533 140.478439
266 108 3543 140.876057
114 140 3570 141.949626
112 140 3572 142.029150
114 140 3583 142.466529
90 198 3635 144.534143
120 202 3671 145.965568
116 114 3672 146.005330
116 114 3674 146.084853
116 114 3675 146.124615
116 114 3676 146.164377
116 114 3677 146.204139
114 114 3680 146.323424
114 114 3683 146.442709
116 114 3686 146.561995
116 114 3687 146.601757
204 192 3918 155.786732
178 194 3980 158.251964
180 108 4042 160.717196
180 108 4043 160.756957
180 108 4044 160.796719
180 108 4045 160.836481
180 108 4046 160.876243
180 108 4047 160.916005
180 108 4048 160.955766
180 108 4049 160.995528
180 112 4050 161.035290
182 108 4051 161.075052
180 108 4052 161.114814
182 114 4055 161.234099
180 110 4056 161.273861
180 110 4057 161.313623
182 108 4058 161.353384
182 108 4059 161.393146
180 108 4061 161.472670
180 108 4062 161.512432
180 110 4063 161.552193
176 108 4064 161.591955
182 110 4065 161.631717
180 110 4067 161.711241
178 110 4068 161.751002
182 110 4069 161.790764
180 114 4070 161.830526
180 110 4071 161.870288
178 110 4072 161.910050
180 110 4073 161.949811
182 108 4074 161.989573
180 110 4075 162.029335
180 110 4076 162.069097
180 110 4077 162.108859
180 110 4078 162.148620
180 110 4079 162.188382
180 110 4080 162.228144
180 110 4081 162.267906
178 110 4082 162.307668
178 110 4083 162.347429
176 108 4084 162.387191
178 108 4085 162.426953
178 110 4086 162.466715
180 110 4087 162.506477
178 112 4088 162.546238
182 110 4089 162.586000
180 110 4090 162.625762
176 110 4091 162.665524
182 108 4092 162.705286
182 108 4094 162.784809
180 110 4095 162.824571
178 112 4096 162.864333
178 112 4097 162.904095
178 112 4098 162.943856
176 110 4099 162.983618
180 110 4100 163.023380
180 110 4102 163.102904
180 110 4103 163.142665
180 110 4104 163.182427
180 110 4105 163.222189
180 110 4106 163.261951
178 112 4107 163.301713
178 112 4108 163.341474
178 114 4109 163.381236
176 110 4110 163.420998
180 110 4111 163.460760
178 110 4112 163.500522
180 110 4113 163.540283
180 110 4114 163.580045
178 108 4115 163.619807
180 110 4116 163.659569
178 114 4117 163.699331
180 108 4118 163.739092
180 110 4119 163.778854
180 110 4120 163.818616
176 110 4121 163.858378
180 110 4122 163.898140
180 110 4123 163.937901
178 114 4125 164.017425
180 110 4127 164.096949
182 108 4128 164.136710
178 112 4129 164.176472
178 110 4130 164.216234
178 108 4131 164.255996
180 108 4132 164.295758
178 112 4134 164.375281
178 114 4135 164.415043
178 114 4136 164.454805
182 114 4137 164.494567
178 108 4138 164.534328
180 110 4139 164.574090
178 114 4140 164.613852
176 110 4141 164.653614
178 110 4142 164.693376
182 108 4143 164.733137
178 110 4146 164.852423
178 110 4147 164.892185
180 114 4148 164.931946
180 110 4150 165.011470
180 108 4151 165.051232
178 110 4152 165.090994
176 108 4153 165.130755
178 112 4154 165.170517
182 108 4155 165.210279
180 108 4156 165.250041
180 108 4157 165.289803
180 108 4158 165.329564
182 106 4159 165.369326
180 112 4160 165.409088
182 108 4161 165.448850
178 108 4162 165.488612
182 108 4163 165.528373
182 108 4164 165.568135
178 108 4165 165.607897
182 108 4166 165.647659
180 110 4167 165.687421
180 112 4168 165.727182
182 110 4169 165.766944
182 112 4170 165.806706
184 110 4171 165.846468
182 112 4172 165.886230
184 112 4173 165.925991
184 112 4174 165.965753
180 114 4176 166.045277
182 114 4177 166.085039
182 114 4178 166.124800
182 112 4180 166.204324
182 112 4181 166.244086
184 112 4182 166.283848
184 114 4183 166.323609
184 114 4184 166.363371
180 112 4185 166.403133
180 114 4186 166.442895
182 112 4187 166.482657
182 112 4188 166.522418
184 112 4189 166.562180
182 116 4190 166.601942
180 114 4191 166.641704
182 112 4192 166.681466
182 112 4194 166.760989
184 112 4199 166.959798
182 114 4200 166.999560
184 116 4201 167.039322
180 112 4202 167.079084
220 84 4203 167.118845
182 112 4204 167.158607
186 114 4205 167.198369
180 112 4206 167.238131
184 112 4208 167.317654
184 112 4209 167.357416
184 112 4212 167.476702
184 112 4213 167.516463
182 114 4214 167.556225
180 112 4215 167.595987
184 112 4217 167.675511
180 112 4218 167.715272
182 112 4219 167.755034
182 114 4221 167.834558
180 114 4222 167.874320
182 114 4223 167.914081
182 114 4224 167.953843
184 112 4227 168.073129
184 112 4228 168.112890
184 110 4229 168.152652
184 110 4230 168.192414
182 114 4231 168.232176
184 116 4232 168.271938
186 112 4233 168.311699
178 110 4234 168.351461
184 116 4235 168.391223
184 110 4236 168.430985
180 110 4237 168.470747
184 110 4238 168.510508
180 110 4239 168.550270
184 110 4240 168.590032
184 110 4241 168.629794
184 110 4242 168.669556
184 110 4243 168.709317
182 112 4244 168.749079
182 116 4245 168.788841
186 110 4246 168.828603
182 112 4247 168.868365
186 110 4248 168.908126
186 110 4249 168.947888
182 112 4250 168.987650
184 110 4251 169.027412
184 110 4252 169.067174
186 110 4253 169.106935
182 112 4254 169.146697
186 110 4255 169.186459
182 112 4256 169.226221
182 112 4257 169.265983
180 110 4258 169.305744
184 110 4259 169.345506
186 116 4260 169.385268
186 110 4261 169.425030
186 114 4264 169.544315
182 108 4266 169.623839
182 108 4267 169.663601
182 110 4268 169.703362
190 112 4269 169.743124
186 110 4270 169.782886
186 110 4271 169.822648
186 110 4272 169.862410
184 112 4273 169.902171
186 110 4274 169.941933
182 110 4275 169.981695
184 112 4276 170.021457
182 110 4277 170.061219
184 110 4278 170.100980
186 110 4280 170.180504
186 110 4281 170.220266
182 110 4283 170.299789
186 110 4284 170.339551
186 110 4286 170.419075
182 110 4287 170.458837
186 110 4288 170.498598
184 110 4289 170.538360
182 110 4290 170.578122
186 110 4291 170.617884
186 110 4292 170.657646
186 110 4293 170.697407
186 110 4294 170.737169
182 112 4295 170.776931
136 202 4296 170.816693
184 110 4297 170.856455
184 116 4298 170.896216
182 112 4299 170.935978
184 112 4301 171.015502
180 112 4302 171.055264
184 116 4303 171.095025
182 112 4304 171.134787
182 112 4305 171.174549
180 114 4306 171.214311
180 114 4307 171.254073
178 112 4308 171.293834
180 112 4309 171.333596
178 112 4310 171.373358
178 112 4311 171.413120
172 112 4312 171.452882
174 112 4313 171.492643
172 112 4315 171.572167
172 112 4316 171.611929
124 204 4317 171.651691
170 112 4318 171.691452
168 114 4319 171.731214
164 112 4320 171.770976
162 114 4321 171.810738
162 116 4322 171.850500
162 116 4323 171.890261
164 116 4324 171.930023
162 116 4325 171.969785
162 118 4326 172.009547
164 120 4327 172.049309
156 118 4328 172.089070
158 118 4329 172.128832
160 118 4330 172.168594
154 124 4333 172.287879
156 120 4334 172.327641
160 118 4335 172.367403
158 120 4336 172.407165
156 120 4337 172.446927
158 126 4338 172.486688
160 118 4339 172.526450
158 120 4340 172.566212
158 118 4341 172.605974
158 118 4342 172.645736
156 118 4343 172.685497
158 118 4344 172.725259
156 118 4345 172.765021
154 118 4346 172.804783
158 116 4347 172.844545
156 116 4348 172.884306
152 116 4349 172.924068
152 116 4350 172.963830
156 116 4351 173.003592
156 118 4352 173.043354
156 114 4353 173.083115
156 114 4354 173.122877
148 118 4355 173.162639
156 114 4356 173.202401
156 114 4357 173.242163
156 114 4358 173.281924
158 114 4359 173.321686
158 114 4360 173.361448
156 116 4361 173.401210
158 116 4362 173.440972
158 118 4363 173.480733
160 116 4364 173.520495
158 118 4365 173.560257
160 114 4366 173.600019
158 112 4367 173.639781
158 112 4368 173.679542
158 110 4369 173.719304
160 110 4370 173.759066
162 108 4371 173.798828
162 108 4372 173.838590
164 108 4373 173.878351
160 108 4374 173.918113
160 108 4375 173.957875
164 106 4376 173.997637
164 108 4377 174.037399
162 108 4378 174.077160
160 110 4379 174.116922
160 106 4382 174.236208
162 110 4383 174.275969
162 114 4384 174.315731
164 110 4385 174.355493
162 106 4386 174.395255
160 106 4387 174.435017
160 106 4388 174.474778
162 110 4391 174.594064
162 106 4393 174.673587
162 106 4394 174.713349
164 110 4398 174.872396
162 106 4399 174.912158
160 104 4400 174.951920
160 104 4401 174.991682
156 102 4402 175.031444
158 104 4403 175.071205
162 104 4404 175.110967
162 106 4405 175.150729
164 108 4407 175.230253
164 110 4408 175.270014
166 110 4409 175.309776
162 108 4410 175.349538
160 106 4411 175.389300
160 106 4412 175.429062
164 106 4413 175.468823
162 106 4414 175.508585
164 106 4415 175.548347
164 106 4416 175.588109
164 106 4417 175.627871
168 108 4420 175.747156
166 108 4422 175.826680
170 106 4424 175.906203
166 106 4425 175.945965
170 106 4426 175.985727
170 108 4427 176.025489
170 106 4428 176.065250
170 106 4429 176.105012
166 106 4430 176.144774
168 108 4431 176.184536
172 106 4432 176.224298
172 112 4433 176.264059
162 108 4434 176.303821
170 106 4435 176.343583
168 108 4436 176.383345
168 110 4437 176.423107
170 104 4438 176.462868
168 110 4439 176.502630
168 106 4441 176.582154
170 106 4442 176.621916
174 108 4443 176.661677
170 108 4444 176.701439
172 110 4445 176.741201
170 106 4446 176.780963
172 106 4447 176.820725
172 106 4448 176.860486
172 106 4449 176.900248
172 106 4450 176.940010
172 108 4451 176.979772
172 108 4452 177.019534
170 112 4453 177.059295
172 108 4454 177.099057
174 106 4455 177.138819
174 106 4456 177.178581
172 106 4457 177.218343
174 104 4458 177.258104
174 102 4459 177.297866
174 102 4461 177.377390
176 102 4462 177.417152
212 70 4463 177.456913
176 102 4465 177.536437
176 102 4467 177.615961
176 108 4468 177.655722
176 108 4469 177.695484
128 194 4470 177.735246
174 104 4471 177.775008
176 102 4472 177.814770
172 102 4473 177.854531
176 102 4474 177.894293
176 102 4475 177.934055
174 104 4476 177.973817
176 102 4477 178.013579
