x  y  frame  time(s)
464 148 139 2.317630
464 148 140 2.334304
272 268 423 7.052933
272 268 424 7.069606
272 268 426 7.102954
276 268 429 7.152974
276 262 432 7.202995
276 262 433 7.219669
274 262 434 7.236342
276 262 437 7.286363
272 264 439 7.319710
272 262 442 7.369731
270 260 444 7.403078
270 260 445 7.419752
272 262 446 7.436426
270 260 447 7.453099
264 258 455 7.586488
262 256 456 7.603162
264 256 460 7.669856
264 256 461 7.686530
266 256 462 7.703203
264 254 464 7.736550
264 254 468 7.803245
266 252 473 7.886613
266 252 474 7.903286
268 256 476 7.936634
268 256 477 7.953307
268 256 478 7.969981
268 254 479 7.986654
272 258 481 8.020002
272 258 482 8.036675
274 260 484 8.070022
276 258 489 8.153390
274 256 492 8.203411
274 250 497 8.286779
274 248 498 8.303453
274 248 499 8.320126
276 250 505 8.420168
274 252 509 8.486862
274 254 512 8.536883
272 256 515 8.586904
272 256 516 8.603578
270 254 517 8.620251
270 256 519 8.653598
270 256 520 8.670272
268 256 521 8.686946
270 258 522 8.703619
270 260 525 8.753640
272 260 526 8.770314
270 260 528 8.803661
270 260 529 8.820334
272 262 531 8.853682
272 262 532 8.870355
272 262 535 8.920376
272 262 536 8.937050
274 264 546 9.103786
274 264 547 9.120459
272 266 548 9.137133
270 264 551 9.187154
272 264 552 9.203827
272 264 553 9.220501
272 264 554 9.237174
274 262 559 9.320542
274 262 563 9.387237
274 262 565 9.420584
274 262 566 9.437258
272 264 579 9.654014
274 262 581 9.687362
274 262 582 9.704035
282 272 590 9.837424
282 272 591 9.854098
284 274 592 9.870771
286 276 593 9.887445
294 282 597 9.954139
296 284 598 9.970813
304 290 602 10.037507
304 290 603 10.054181
310 294 605 10.087528
318 302 609 10.154222
338 316 621 10.354306
342 322 626 10.437674
344 322 627 10.454347
344 322 628 10.471021
348 324 631 10.521042
348 322 634 10.571062
354 322 642 10.704451
352 320 643 10.721125
354 320 645 10.754472
354 320 646 10.771146
354 320 648 10.804493
354 320 649 10.821166
354 320 651 10.854514
354 320 652 10.871187
354 320 653 10.887861
352 320 664 11.071270
354 320 665 11.087944
354 320 666 11.104618
352 320 668 11.137965
352 320 669 11.154638
352 320 673 11.221333
352 320 674 11.238006
352 320 675 11.254680
352 322 676 11.271354
352 318 679 11.321374
352 320 682 11.371395
352 320 683 11.388069
352 316 685 11.421416
352 316 686 11.438090
352 314 693 11.554805
352 314 695 11.588152
352 314 696 11.604826
352 304 711 11.854930
352 304 712 11.871603
352 304 715 11.921624
352 306 719 11.988318
352 306 720 12.004992
352 304 725 12.088360
352 304 726 12.105034
350 304 731 12.188402
354 304 735 12.255096
352 306 738 12.305117
354 304 748 12.471853
354 304 749 12.488526
352 304 752 12.538547
350 302 759 12.655262
348 300 764 12.738630
348 298 765 12.755304
344 294 766 12.771978
344 294 767 12.788651
344 294 768 12.805325
340 290 771 12.855346
332 270 780 13.005408
326 264 782 13.038755
326 264 783 13.055429
314 240 792 13.205491
310 234 796 13.272186
302 222 802 13.372227
300 216 806 13.438922
300 214 814 13.572310
300 214 817 13.622331
298 214 818 13.639005
298 214 819 13.655678
298 212 820 13.672352
298 212 821 13.689026
298 212 826 13.772394
302 212 831 13.855762
300 212 835 13.922456
298 212 836 13.939130
300 212 837 13.955803
300 212 838 13.972477
300 210 848 14.139213
300 212 852 14.205907
300 212 853 14.222581
300 212 854 14.239254
300 210 855 14.255928
302 212 858 14.305949
300 210 859 14.322622
300 214 865 14.422664
300 214 866 14.439338
300 218 868 14.472685
300 220 869 14.489358
300 220 872 14.539379
300 222 874 14.572726
300 222 875 14.589400
302 224 876 14.606074
302 228 878 14.639421
302 228 879 14.656094
300 228 880 14.672768
300 236 885 14.756136
300 240 888 14.806157
300 246 893 14.889525
298 250 897 14.956219
298 252 898 14.972893
298 256 902 15.039587
298 256 903 15.056261
298 256 904 15.072934
296 260 911 15.189650
296 260 912 15.206323
298 258 913 15.222997
298 262 919 15.323038
298 260 920 15.339712
298 260 921 15.356386
296 262 929 15.489774
296 262 930 15.506448
296 260 932 15.539795
308 262 941 15.689858
308 262 942 15.706531
310 264 943 15.723205
310 264 944 15.739878
312 264 945 15.756552
312 264 946 15.773226
312 264 947 15.789899
312 264 948 15.806573
312 264 949 15.823246
312 264 950 15.839920
310 262 951 15.856594
306 262 954 15.906614
306 262 955 15.923288
306 264 956 15.939962
304 264 957 15.956635
304 264 958 15.973309
302 262 964 16.073350
302 262 965 16.090024
298 262 969 16.156718
296 262 970 16.173392
296 262 971 16.190066
294 262 972 16.206739
288 262 977 16.290107
288 262 978 16.306781
280 264 985 16.423496
272 262 989 16.490190
272 264 990 16.506864
272 262 991 16.523538
272 262 992 16.540211
266 260 994 16.573558
262 258 998 16.640253
260 258 1000 16.673600
260 258 1001 16.690274
254 258 1004 16.740294
254 258 1005 16.756968
252 258 1006 16.773642
252 260 1009 16.823662
252 258 1011 16.857010
250 260 1012 16.873683
250 260 1013 16.890357
250 260 1014 16.907030
248 258 1015 16.923704
248 256 1018 16.973725
248 256 1020 17.007072
248 256 1021 17.023746
248 256 1022 17.040419
250 256 1023 17.057093
248 256 1024 17.073766
248 254 1032 17.207155
248 254 1033 17.223829
248 256 1035 17.257176
250 254 1037 17.290523
250 254 1038 17.307197
248 254 1039 17.323870
250 254 1044 17.407238
248 256 1049 17.490606
248 254 1050 17.507280
248 254 1051 17.523954
246 254 1052 17.540627
246 256 1057 17.623995
246 256 1058 17.640669
246 256 1061 17.690690
246 254 1062 17.707363
246 254 1063 17.724037
240 252 1068 17.807405
242 252 1069 17.824078
236 248 1073 17.890773
230 244 1077 17.957467
230 242 1078 17.974141
230 242 1079 17.990814
226 238 1082 18.040835
212 230 1090 18.174224
208 228 1093 18.224245
206 226 1094 18.240918
198 220 1099 18.324286
196 220 1100 18.340960
196 220 1101 18.357634
194 218 1103 18.390981
194 218 1104 18.407654
190 218 1106 18.441002
188 214 1111 18.524370
186 212 1115 18.591064
188 212 1117 18.624411
188 212 1118 18.641085
188 212 1121 18.691106
188 212 1122 18.707779
184 214 1130 18.841168
188 214 1131 18.857842
188 214 1133 18.891189
188 214 1134 18.907862
186 214 1137 18.957883
186 214 1138 18.974557
184 214 1139 18.991230
186 214 1140 19.007904
186 214 1141 19.024578
184 214 1146 19.107946
184 214 1147 19.124619
186 214 1153 19.224661
184 214 1160 19.341376
186 214 1161 19.358050
186 216 1162 19.374723
186 216 1163 19.391397
184 216 1165 19.424744
184 226 1174 19.574806
184 226 1175 19.591480
184 246 1186 19.774890
182 252 1190 19.841584
182 252 1191 19.858258
184 254 1192 19.874931
184 264 1198 19.974973
184 268 1201 20.024994
184 274 1207 20.125035
186 276 1211 20.191730
188 278 1219 20.325118
188 278 1222 20.375139
186 278 1224 20.408486
186 278 1235 20.591896
186 278 1236 20.608570
186 276 1237 20.625243
186 276 1238 20.641917
184 276 1239 20.658590
186 278 1241 20.691938
186 276 1244 20.741958
184 276 1245 20.758632
184 276 1246 20.775306
186 278 1247 20.791979
186 276 1249 20.825326
186 276 1250 20.842000
186 276 1251 20.858674
188 274 1253 20.892021
190 268 1260 21.008736
192 262 1265 21.092104
196 246 1272 21.208819
196 242 1273 21.225493
200 234 1277 21.292187
200 232 1278 21.308861
204 226 1281 21.358882
206 218 1285 21.425576
208 216 1286 21.442250
208 210 1290 21.508944
208 204 1291 21.525618
208 204 1292 21.542291
212 204 1293 21.558965
212 202 1294 21.575638
212 198 1297 21.625659
214 194 1299 21.659006
214 194 1300 21.675680
214 194 1301 21.692354
216 192 1319 21.992478
214 194 1320 22.009152
216 192 1321 22.025826
216 192 1322 22.042499
214 192 1327 22.125867
214 192 1328 22.142541
214 194 1329 22.159214
214 194 1330 22.175888
212 194 1333 22.225909
212 192 1336 22.275930
214 194 1343 22.392645
212 200 1350 22.509360
212 200 1351 22.526034
214 202 1353 22.559381
214 208 1359 22.659422
214 208 1360 22.676096
214 212 1362 22.709443
214 212 1363 22.726117
212 214 1364 22.742790
212 214 1365 22.759464
214 218 1367 22.792811
214 220 1370 22.842832
214 222 1371 22.859506
214 222 1372 22.876179
212 228 1379 22.992894
212 230 1380 23.009568
212 230 1381 23.026242
212 234 1386 23.109610
214 234 1387 23.126283
214 234 1388 23.142957
212 234 1389 23.159630
212 236 1391 23.192978
214 234 1392 23.209651
214 234 1393 23.226325
214 236 1399 23.326366
212 236 1405 23.426408
212 236 1406 23.443082
212 236 1409 23.493102
212 236 1410 23.509776
214 234 1411 23.526450
216 234 1417 23.626491
216 234 1418 23.643165
214 232 1425 23.759880
214 232 1426 23.776554
212 234 1427 23.793227
212 234 1433 23.893269
212 236 1434 23.909942
212 236 1435 23.926616
212 236 1436 23.943290
212 234 1440 24.009984
212 236 1444 24.076678
212 236 1445 24.093352
212 236 1446 24.110026
212 236 1447 24.126699
212 238 1450 24.176720
212 236 1458 24.310109
212 236 1459 24.326782
212 240 1461 24.360130
212 240 1465 24.426824
212 240 1466 24.443498
212 244 1474 24.576886
212 244 1476 24.610234
212 244 1477 24.626907
212 246 1478 24.643581
212 250 1485 24.760296
212 256 1491 24.860338
212 256 1495 24.927032
210 258 1496 24.943706
210 258 1497 24.960379
210 258 1498 24.977053
214 260 1499 24.993726
212 262 1504 25.077094
212 264 1507 25.127115
212 262 1513 25.227157
212 262 1514 25.243830
214 264 1517 25.293851
214 264 1518 25.310525
214 264 1521 25.360546
210 264 1524 25.410566
212 266 1526 25.443914
212 266 1527 25.460587
210 264 1529 25.493934
210 264 1530 25.510608
210 266 1536 25.610650
210 266 1544 25.744038
210 264 1549 25.827406
212 266 1551 25.860754
212 266 1552 25.877427
212 272 1561 26.027490
212 276 1563 26.060837
212 276 1564 26.077510
210 278 1565 26.094184
212 282 1567 26.127531
212 282 1568 26.144205
212 290 1572 26.210899
212 290 1573 26.227573
210 294 1575 26.260920
210 296 1576 26.277594
210 296 1577 26.294267
210 300 1579 26.327614
210 300 1580 26.344288
210 320 1595 26.594392
212 322 1597 26.627739
212 322 1598 26.644413
210 322 1603 26.727781
212 324 1605 26.761128
212 324 1606 26.777802
212 324 1607 26.794475
210 326 1616 26.944538
210 326 1625 27.094600
210 326 1626 27.111274
212 326 1627 27.127947
210 328 1636 27.278010
210 328 1637 27.294683
210 328 1638 27.311357
210 328 1639 27.328030
210 328 1645 27.428072
212 328 1646 27.444746
212 326 1650 27.511440
212 326 1651 27.528114
224 322 1658 27.644829
242 314 1665 27.761544
246 314 1666 27.778218
256 310 1668 27.811565
256 310 1669 27.828238
326 280 1688 28.145037
340 274 1693 28.228405
340 274 1694 28.245078
342 272 1695 28.261752
354 270 1705 28.428488
354 270 1706 28.445162
354 270 1707 28.461835
356 268 1712 28.545203
354 266 1713 28.561877
354 266 1714 28.578550
354 266 1715 28.595224
354 266 1717 28.628571
356 266 1718 28.645245
356 266 1719 28.661918
354 266 1720 28.678592
354 266 1723 28.728613
354 266 1724 28.745286
356 268 1730 28.845328
356 268 1731 28.862002
356 264 1737 28.962043
356 264 1739 28.995390
356 264 1740 29.012064
356 266 1743 29.062085
356 266 1744 29.078758
358 264 1746 29.112106
356 264 1747 29.128779
356 264 1748 29.145453
356 264 1749 29.162126
354 264 1760 29.345536
354 264 1761 29.362210
350 264 1763 29.395557
346 266 1766 29.445578
344 264 1767 29.462251
344 264 1768 29.478925
318 272 1778 29.645661
316 274 1779 29.662334
276 280 1792 29.879091
276 280 1793 29.895765
270 282 1795 29.929112
266 280 1796 29.945786
254 284 1801 30.029154
254 284 1802 30.045827
244 284 1809 30.162542
242 288 1810 30.179216
242 288 1811 30.195890
242 286 1813 30.229237
240 288 1816 30.279258
242 286 1817 30.295931
240 286 1818 30.312605
240 286 1819 30.329278
242 286 1820 30.345952
242 288 1829 30.496014
244 288 1831 30.529362
244 288 1832 30.546035
242 288 1843 30.729445
242 290 1844 30.746118
242 290 1845 30.762792
242 288 1849 30.829486
242 286 1850 30.846160
240 286 1851 30.862834
240 286 1852 30.879507
242 284 1853 30.896181
244 280 1856 30.946202
244 280 1857 30.962875
242 272 1863 31.062917
242 272 1864 31.079590
242 264 1868 31.146285
242 264 1869 31.162958
244 258 1871 31.196306
242 252 1875 31.263000
242 248 1876 31.279674
244 238 1881 31.363042
244 238 1882 31.379715
242 232 1884 31.413062
244 230 1888 31.479757
244 230 1889 31.496430
246 226 1890 31.513104
244 220 1895 31.596472
244 218 1903 31.729861
244 216 1909 31.829902
244 216 1910 31.846576
244 216 1911 31.863250
242 216 1915 31.929944
244 214 1917 31.963291
244 216 1921 32.029986
246 214 1922 32.046659
246 214 1923 32.063333
246 214 1929 32.163374
246 214 1933 32.230069
244 214 1934 32.246742
244 214 1935 32.263416
246 214 1943 32.396805
246 214 1944 32.413478
246 216 1945 32.430152
248 216 1946 32.446826
252 216 1949 32.496846
252 214 1950 32.513520
256 214 1952 32.546867
256 214 1953 32.563541
258 216 1954 32.580214
262 214 1956 32.613562
262 214 1957 32.630235
268 212 1958 32.646909
278 212 1963 32.730277
280 210 1964 32.746950
280 210 1965 32.763624
286 208 1967 32.796971
290 210 1968 32.813645
290 210 1969 32.830318
292 210 1970 32.846992
304 206 1975 32.930360
312 206 1979 32.997054
316 202 1981 33.030402
316 202 1982 33.047075
322 202 1985 33.097096
322 202 1986 33.113770
326 200 1991 33.197138
330 200 1996 33.280506
330 202 1998 33.313853
330 202 1999 33.330526
332 200 2001 33.363874
332 200 2005 33.430568
334 200 2012 33.547283
338 200 2014 33.580630
338 200 2015 33.597304
338 200 2017 33.630651
340 200 2018 33.647325
340 200 2019 33.663998
340 198 2020 33.680672
340 198 2021 33.697346
342 198 2026 33.780714
342 200 2029 33.830734
342 200 2030 33.847408
342 200 2031 33.864082
342 198 2032 33.880755
340 200 2037 33.964123
340 206 2043 34.064165
340 206 2044 34.080838
338 210 2045 34.097512
336 214 2047 34.130859
324 258 2062 34.380963
318 280 2068 34.481005
316 284 2069 34.497678
316 284 2070 34.514352
316 288 2071 34.531026
314 292 2072 34.547699
314 298 2073 34.564373
314 298 2074 34.581046
310 308 2077 34.631067
310 308 2078 34.647741
308 320 2082 34.714435
308 320 2083 34.731109
306 320 2084 34.747782
302 326 2091 34.864498
304 328 2096 34.947866
304 328 2098 34.981213
304 328 2099 34.997886
302 328 2109 35.164622
302 328 2114 35.247990
302 328 2125 35.431400
302 330 2131 35.531442
302 330 2132 35.548115
296 328 2138 35.648157
288 330 2143 35.731525
270 326 2153 35.898261
270 326 2154 35.914934
264 320 2156 35.948282
264 320 2157 35.964955
256 322 2160 36.014976
256 322 2161 36.031650
254 318 2162 36.048323
250 318 2163 36.064997
246 320 2164 36.081670
242 316 2167 36.131691
234 316 2171 36.198386
230 312 2173 36.231733
226 312 2174 36.248406
226 312 2175 36.265080
216 310 2185 36.431816
216 310 2186 36.448490
216 310 2190 36.515184
216 310 2191 36.531858
216 310 2197 36.631899
214 310 2204 36.748614
214 308 2206 36.781962
214 308 2207 36.798635
214 308 2215 36.932024
214 308 2216 36.948698
214 308 2226 37.115434
214 308 2229 37.165454
218 304 2233 37.232149
222 302 2235 37.265496
224 300 2236 37.282170
224 300 2237 37.298843
230 296 2240 37.348864
230 296 2241 37.365538
238 288 2244 37.415558
238 288 2245 37.432232
254 278 2251 37.532274
260 272 2254 37.582294
292 248 2270 37.849072
292 248 2271 37.865746
296 248 2272 37.882419
300 242 2277 37.965787
300 242 2278 37.982461
300 242 2279 37.999134
302 244 2280 38.015808
302 242 2281 38.032482
302 244 2290 38.182544
302 244 2291 38.199218
302 244 2295 38.265912
302 244 2296 38.282586
302 244 2298 38.315933
302 244 2299 38.332606
302 244 2300 38.349280
302 244 2307 38.465995
302 244 2308 38.482669
302 246 2313 38.566037
302 244 2314 38.582710
300 246 2318 38.649405
302 246 2331 38.866162
302 246 2335 38.932856
302 246 2336 38.949530
302 246 2337 38.966203
302 246 2339 38.999550
302 246 2340 39.016224
304 246 2341 39.032898
302 246 2347 39.132939
302 248 2350 39.182960
304 248 2351 39.199634
304 248 2352 39.216307
304 248 2353 39.232981
304 250 2355 39.266328
306 254 2357 39.299675
306 254 2358 39.316349
308 258 2364 39.416390
314 266 2371 39.533106
316 268 2373 39.566453
316 268 2374 39.583126
316 270 2375 39.599800
316 272 2376 39.616474
320 274 2380 39.683168
324 280 2384 39.749862
324 284 2386 39.783210
324 284 2387 39.799883
330 288 2401 40.033314
328 290 2402 40.049987
328 290 2405 40.100008
330 288 2406 40.116682
328 288 2407 40.133355
328 288 2408 40.150029
328 288 2409 40.166702
328 288 2410 40.183376
328 288 2411 40.200050
328 288 2412 40.216723
330 288 2418 40.316765
328 288 2423 40.400133
330 286 2426 40.450154
328 286 2427 40.466827
330 286 2434 40.583542
330 286 2437 40.633563
328 286 2439 40.666910
324 282 2444 40.750278
324 282 2445 40.766952
322 282 2447 40.800299
316 276 2452 40.883667
310 270 2457 40.967035
310 270 2458 40.983709
302 264 2462 41.050403
302 264 2463 41.067077
300 262 2464 41.083750
296 262 2465 41.100424
296 262 2466 41.117098
294 258 2469 41.167118
294 258 2470 41.183792
290 256 2471 41.200466
290 254 2472 41.217139
284 252 2476 41.283834
282 250 2477 41.300507
280 248 2480 41.350528
274 246 2486 41.450570
274 244 2490 41.517264
274 244 2491 41.533938
272 246 2493 41.567285
272 246 2496 41.617306
272 244 2497 41.633979
272 244 2498 41.650653
272 246 2505 41.767368
272 246 2506 41.784042
272 246 2510 41.850736
272 246 2511 41.867410
272 244 2515 41.934104
272 244 2516 41.950778
272 246 2518 41.984125
274 246 2523 42.067493
274 246 2524 42.084166
274 246 2525 42.100840
272 246 2527 42.134187
270 248 2531 42.200882
266 256 2538 42.317597
266 258 2539 42.334270
264 262 2542 42.384291
264 268 2544 42.417638
260 268 2545 42.434312
260 268 2546 42.450986
262 270 2547 42.467659
250 292 2558 42.651069
250 292 2559 42.667742
252 292 2560 42.684416
244 304 2569 42.834478
246 304 2570 42.851152
246 304 2571 42.867826
242 306 2573 42.901173
242 306 2574 42.917846
242 306 2575 42.934520
240 308 2583 43.067909
240 308 2584 43.084582
242 308 2585 43.101256
240 308 2589 43.167950
240 308 2593 43.234645
240 308 2598 43.318013
242 306 2615 43.601464
242 306 2616 43.618138
242 306 2617 43.634811
242 306 2620 43.684832
242 306 2621 43.701506
242 306 2622 43.718179
242 306 2623 43.734853
242 308 2626 43.784874
242 306 2629 43.834894
242 306 2630 43.851568
246 308 2634 43.918262
254 308 2643 44.068325
258 308 2645 44.101672
258 308 2646 44.118346
260 310 2648 44.151693
262 310 2649 44.168366
266 312 2650 44.185040
266 312 2651 44.201714
274 312 2657 44.301755
274 312 2658 44.318429
280 312 2661 44.368450
286 312 2664 44.418470
290 312 2669 44.501838
294 314 2673 44.568533
294 312 2674 44.585206
294 312 2675 44.601880
296 312 2677 44.635227
296 312 2679 44.668574
296 312 2680 44.685248
296 314 2684 44.751942
296 312 2685 44.768616
296 314 2687 44.801963
296 314 2688 44.818637
298 314 2694 44.918678
296 314 2700 45.018720
296 314 2701 45.035394
296 316 2711 45.202130
296 314 2720 45.352192
296 314 2721 45.368866
296 314 2725 45.435560
296 314 2726 45.452234
296 312 2727 45.468907
288 306 2736 45.618970
286 304 2737 45.635643
286 304 2738 45.652317
282 302 2740 45.685664
280 298 2741 45.702338
280 298 2742 45.719011
280 294 2743 45.735685
270 286 2746 45.785706
270 286 2747 45.802379
246 254 2760 46.019136
242 248 2761 46.035810
236 242 2764 46.085830
236 240 2765 46.102504
232 236 2766 46.119178
232 236 2767 46.135851
224 230 2770 46.185872
222 228 2771 46.202546
222 228 2772 46.219219
214 220 2780 46.352608
214 218 2782 46.385955
214 216 2787 46.469323
214 216 2788 46.485997
214 216 2793 46.569365
214 218 2794 46.586038
214 216 2796 46.619386
214 216 2797 46.636059
214 216 2804 46.752774
214 216 2805 46.769448
214 216 2806 46.786122
214 216 2807 46.802795
216 216 2811 46.869490
216 216 2812 46.886163
216 216 2813 46.902837
214 218 2814 46.919510
214 218 2815 46.936184
214 216 2816 46.952858
216 216 2817 46.969531
216 216 2818 46.986205
214 216 2819 47.002878
214 220 2826 47.119594
214 220 2829 47.169614
214 220 2830 47.186288
222 236 2840 47.353024
226 248 2845 47.436392
236 268 2852 47.553107
238 272 2853 47.569781
244 284 2857 47.636475
248 290 2860 47.686496
252 302 2864 47.753190
260 314 2869 47.836558
260 318 2870 47.853232
260 318 2871 47.869906
260 322 2872 47.886579
264 324 2874 47.919926
264 324 2875 47.936600
266 334 2881 48.036642
266 336 2885 48.103336
270 336 2886 48.120010
268 336 2887 48.136683
268 334 2890 48.186704
270 334 2894 48.253398
268 334 2895 48.270072
268 334 2896 48.286746
268 336 2902 48.386787
270 336 2903 48.403461
268 334 2906 48.453482
268 334 2907 48.470155
268 336 2908 48.486829
268 336 2909 48.503502
266 334 2917 48.636891
266 334 2918 48.653565
266 334 2925 48.770280
266 334 2926 48.786954
268 334 2933 48.903669
268 332 2944 49.087078
268 330 2945 49.103752
268 330 2946 49.120426
270 332 2947 49.137099
270 332 2949 49.170446
274 322 2956 49.287162
280 306 2963 49.403877
280 306 2964 49.420550
284 304 2965 49.437224
284 300 2966 49.453898
284 300 2967 49.470571
296 284 2973 49.570613
318 246 2986 49.787370
322 236 2990 49.854064
324 234 2991 49.870738
324 232 2992 49.887411
326 228 2993 49.904085
326 228 2994 49.920758
330 224 3000 50.020800
330 224 3001 50.037474
328 222 3004 50.087494
328 222 3005 50.104168
330 224 3008 50.154189
328 222 3009 50.170862
328 222 3010 50.187536
328 224 3017 50.304251
328 226 3023 50.404293
328 224 3027 50.470987
330 224 3030 50.521008
330 224 3031 50.537682
330 226 3034 50.587702
330 226 3035 50.604376
330 226 3040 50.687744
330 224 3042 50.721091
330 224 3043 50.737765
330 224 3048 50.821133
330 224 3049 50.837806
328 226 3050 50.854480
328 226 3051 50.871154
328 226 3053 50.904501
328 226 3054 50.921174
328 226 3055 50.937848
328 226 3056 50.954522
330 226 3059 51.004542
330 226 3060 51.021216
326 228 3062 51.054563
326 228 3063 51.071237
328 228 3064 51.087910
326 230 3066 51.121258
326 230 3067 51.137931
326 230 3068 51.154605
326 234 3069 51.171278
324 234 3070 51.187952
324 236 3071 51.204626
324 236 3072 51.221299
320 244 3078 51.321341
314 252 3083 51.404709
312 260 3087 51.471403
312 260 3088 51.488077
302 278 3099 51.671486
300 284 3101 51.704834
300 284 3102 51.721507
300 286 3104 51.754854
298 290 3108 51.821549
298 290 3109 51.838222
300 288 3110 51.854896
298 292 3112 51.888243
296 290 3113 51.904917
296 290 3114 51.921590
298 290 3116 51.954938
296 290 3119 52.004958
296 290 3120 52.021632
298 292 3121 52.038306
298 292 3122 52.054979
298 288 3124 52.088326
298 290 3125 52.105000
300 288 3128 52.155021
298 290 3129 52.171694
298 288 3136 52.288410
298 290 3137 52.305083
298 290 3141 52.371778
298 288 3144 52.421798
300 288 3145 52.438472
296 288 3150 52.521840
296 288 3154 52.588534
300 286 3160 52.688576
300 286 3161 52.705250
298 290 3162 52.721923
298 290 3163 52.738597
298 290 3164 52.755270
298 288 3169 52.838638
296 282 3175 52.938680
294 280 3176 52.955354
294 280 3177 52.972027
294 274 3181 53.038722
292 270 3182 53.055395
286 252 3191 53.205458
286 252 3192 53.222131
286 252 3193 53.238805
284 244 3194 53.255478
282 240 3196 53.288826
282 236 3197 53.305499
282 236 3198 53.322173
280 226 3201 53.372194
280 226 3202 53.388867
278 222 3204 53.422214
278 222 3205 53.438888
278 220 3206 53.455562
276 216 3207 53.472235
274 206 3216 53.622298
272 202 3219 53.672318
274 202 3222 53.722339
274 202 3223 53.739013
272 200 3225 53.772360
274 202 3241 54.039138
274 202 3243 54.072485
274 202 3244 54.089158
274 202 3247 54.139179
274 202 3248 54.155853
272 202 3253 54.239221
272 202 3255 54.272568
272 204 3258 54.322589
272 202 3259 54.339262
272 202 3260 54.355936
272 202 3261 54.372610
274 202 3262 54.389283
278 212 3270 54.522672
280 220 3272 54.556019
280 220 3273 54.572693
286 230 3278 54.656061
302 278 3292 54.889491
306 282 3293 54.906165
306 282 3294 54.922838
316 314 3304 55.089574
318 318 3307 55.139595
320 320 3308 55.156269
320 322 3309 55.172942
320 322 3310 55.189616
324 326 3313 55.239637
324 332 3317 55.306331
324 332 3321 55.373026
324 332 3322 55.389699
324 332 3323 55.406373
324 332 3325 55.439720
324 330 3327 55.473067
324 330 3328 55.489741
324 330 3329 55.506414
324 330 3330 55.523088
324 330 3331 55.539762
322 332 3338 55.656477
324 332 3341 55.706498
326 332 3342 55.723171
324 332 3347 55.806539
324 332 3348 55.823213
324 332 3350 55.856560
322 334 3355 55.939928
322 334 3356 55.956602
324 334 3360 56.023296
324 334 3361 56.039970
324 332 3362 56.056643
324 334 3368 56.156685
324 334 3369 56.173358
324 334 3379 56.340094
326 334 3388 56.490157
328 330 3392 56.556851
330 330 3395 56.606872
338 318 3407 56.806955
340 316 3409 56.840302
342 314 3410 56.856976
342 314 3411 56.873650
344 310 3414 56.923670
344 310 3415 56.940344
346 306 3419 57.007038
346 306 3420 57.023712
348 300 3425 57.107080
354 296 3437 57.307163
354 296 3438 57.323837
354 294 3439 57.340510
354 294 3440 57.357184
354 296 3441 57.373858
354 296 3446 57.457226
354 296 3453 57.573941
354 292 3458 57.657309
354 292 3459 57.673982
354 294 3460 57.690656
354 294 3461 57.707330
356 294 3462 57.724003
354 292 3463 57.740677
356 294 3464 57.757350
354 294 3467 57.807371
356 292 3468 57.824045
356 292 3469 57.840718
356 292 3470 57.857392
354 290 3472 57.890739
354 290 3473 57.907413
352 292 3476 57.957434
354 290 3477 57.974107
354 290 3478 57.990781
354 290 3479 58.007454
354 292 3481 58.040802
354 292 3482 58.057475
354 290 3485 58.107496
354 290 3486 58.124170
354 290 3489 58.174190
354 290 3490 58.190864
354 290 3491 58.207538
356 290 3492 58.224211
354 288 3497 58.307579
354 288 3498 58.324253
348 290 3500 58.357600
348 290 3501 58.374274
328 286 3509 58.507662
324 286 3510 58.524336
324 286 3511 58.541010
322 286 3512 58.557683
316 288 3513 58.574357
312 288 3514 58.591030
270 288 3525 58.774440
266 288 3526 58.791114
262 288 3527 58.807787
262 288 3528 58.824461
258 288 3529 58.841134
236 288 3535 58.941176
224 288 3540 59.024544
224 288 3541 59.041218
222 286 3543 59.074565
222 286 3544 59.091238
218 286 3545 59.107912
216 286 3546 59.124586
212 288 3554 59.257974
212 290 3564 59.424710
214 288 3572 59.558099
212 290 3573 59.574773
212 290 3574 59.591446
214 290 3580 59.691488
214 290 3584 59.758182
212 292 3585 59.774856
212 290 3586 59.791530
212 290 3587 59.808203
212 292 3592 59.891571
208 292 3595 59.941592
206 296 3598 59.991613
206 296 3599 60.008286
206 298 3601 60.041634
204 296 3604 60.091654
198 302 3610 60.191696
194 306 3617 60.308411
184 312 3632 60.558515
184 312 3633 60.575189
184 310 3634 60.591862
186 310 3642 60.725251
184 310 3644 60.758598
184 310 3645 60.775272
184 310 3646 60.791946
184 312 3650 60.858640
184 310 3652 60.891987
184 310 3653 60.908661
184 310 3655 60.942008
186 310 3659 61.008702
184 314 3660 61.025376
184 310 3661 61.042050
184 310 3662 61.058723
186 310 3663 61.075397
186 314 3668 61.158765
186 314 3671 61.208786
186 314 3672 61.225459
186 312 3677 61.308827
186 312 3678 61.325501
186 310 3681 61.375522
184 312 3682 61.392195
184 312 3683 61.408869
186 312 3687 61.475563
184 312 3688 61.492237
184 312 3689 61.508910
184 312 3690 61.525584
186 312 3691 61.542258
184 314 3692 61.558931
182 312 3696 61.625626
182 312 3697 61.642299
184 312 3700 61.692320
182 314 3701 61.708994
182 314 3703 61.742341
182 314 3704 61.759014
182 318 3715 61.942424
182 318 3716 61.959098
184 320 3717 61.975771
182 320 3718 61.992445
182 322 3719 62.009118
182 322 3720 62.025792
182 322 3722 62.059139
184 324 3725 62.109160
182 326 3727 62.142507
182 328 3730 62.192528
184 330 3739 62.342590
184 330 3742 62.392611
182 330 3743 62.409285
184 330 3747 62.475979
184 330 3749 62.509326
184 330 3750 62.526000
182 332 3752 62.559347
180 330 3756 62.626042
182 330 3760 62.692736
184 328 3765 62.776104
184 328 3766 62.792778
184 330 3768 62.826125
184 328 3786 63.126250
184 328 3787 63.142923
182 326 3790 63.192944
182 326 3791 63.209618
184 326 3794 63.259638
184 326 3795 63.276312
184 328 3796 63.292986
184 326 3798 63.326333
184 326 3806 63.459722
184 326 3807 63.476395
184 328 3808 63.493069
186 330 3814 63.593110
186 328 3818 63.659805
192 324 3823 63.743173
196 322 3824 63.759846
196 322 3825 63.776520
200 322 3826 63.793194
202 322 3827 63.809867
212 314 3831 63.876562
212 314 3832 63.893235
242 298 3839 64.009950
302 266 3855 64.276728
308 260 3858 64.326749
308 260 3859 64.343422
314 260 3860 64.360096
320 256 3864 64.426790
326 250 3869 64.510158
328 252 3874 64.593526
328 252 3875 64.610200
326 252 3881 64.710242
330 252 3885 64.776936
330 252 3886 64.793610
330 252 3887 64.810283
328 250 3890 64.860304
328 250 3891 64.876978
326 250 3892 64.893651
330 252 3894 64.926998
330 250 3901 65.043714
328 252 3905 65.110408
328 252 3907 65.143755
328 252 3908 65.160429
326 250 3914 65.260470
322 250 3916 65.293818
322 250 3917 65.310491
320 250 3919 65.343838
322 248 3920 65.360512
322 248 3921 65.377186
296 236 3934 65.593942
294 234 3935 65.610616
290 232 3936 65.627290
290 232 3937 65.643963
286 230 3938 65.660637
282 224 3940 65.693984
276 222 3943 65.744005
266 214 3948 65.827373
266 214 3949 65.844046
264 214 3950 65.860720
258 210 3952 65.894067
256 210 3953 65.910741
256 210 3954 65.927414
250 204 3957 65.977435
250 204 3958 65.994109
248 204 3960 66.027456
244 200 3964 66.094150
244 200 3965 66.110824
244 200 3978 66.327581
244 200 3979 66.344254
244 198 3985 66.444296
244 196 3991 66.544338
244 196 3992 66.561011
244 196 3993 66.577685
244 196 4003 66.744421
244 196 4004 66.761094
246 196 4005 66.777768
246 196 4009 66.844462
246 198 4019 67.011198
246 198 4020 67.027872
256 210 4037 67.311323
256 210 4038 67.327997
264 220 4049 67.511406
264 220 4050 67.528080
266 218 4052 67.561427
266 222 4056 67.628122
268 224 4057 67.644795
268 224 4058 67.661469
268 224 4060 67.694816
272 226 4066 67.794858
272 226 4067 67.811531
270 226 4068 67.828205
270 226 4073 67.911573
270 228 4081 68.044962
270 228 4082 68.061635
272 226 4090 68.195024
272 226 4091 68.211698
270 228 4099 68.345086
270 228 4100 68.361760
270 228 4103 68.411781
270 228 4104 68.428454
270 230 4105 68.445128
268 230 4111 68.545170
268 228 4127 68.811947
268 228 4128 68.828621
268 228 4129 68.845294
268 228 4130 68.861968
268 228 4135 68.945336
268 228 4136 68.962010
266 228 4137 68.978683
266 228 4138 68.995357
262 230 4140 69.028704
262 232 4141 69.045378
256 232 4144 69.095398
250 232 4148 69.162093
248 234 4149 69.178766
248 234 4150 69.195440
234 234 4154 69.262134
234 234 4155 69.278808
230 234 4157 69.312155
224 238 4160 69.362176
220 238 4162 69.395523
220 238 4163 69.412197
208 240 4167 69.478891
208 240 4168 69.495565
206 242 4169 69.512238
202 240 4170 69.528912
202 240 4171 69.545586
196 240 4174 69.595606
196 240 4175 69.612280
194 240 4176 69.628954
186 242 4182 69.728995
186 244 4185 69.779016
184 242 4186 69.795690
184 242 4187 69.812363
182 242 4190 69.862384
184 242 4194 69.929078
184 242 4195 69.945752
184 242 4196 69.962426
182 242 4206 70.129162
182 242 4207 70.145835
182 242 4211 70.212530
182 242 4212 70.229203
184 242 4213 70.245877
184 242 4214 70.262550
182 242 4215 70.279224
184 242 4216 70.295898
184 242 4217 70.312571
184 244 4220 70.362592
184 244 4221 70.379266
184 244 4222 70.395939
184 244 4224 70.429286
184 244 4225 70.445960
184 242 4227 70.479307
184 244 4235 70.612696
184 250 4238 70.662717
184 250 4239 70.679390
184 248 4240 70.696064
182 252 4247 70.812779
182 256 4252 70.896147
182 258 4254 70.929494
182 258 4255 70.946168
184 258 4256 70.962842
182 264 4263 71.079557
182 264 4264 71.096230
180 266 4266 71.129578
180 266 4267 71.146251
182 268 4277 71.312987
178 272 4281 71.379682
182 270 4282 71.396355
182 270 4283 71.413029
180 272 4284 71.429702
180 270 4286 71.463050
180 272 4289 71.513070
178 272 4293 71.579765
178 272 4295 71.613112
178 274 4304 71.763174
178 274 4305 71.779848
180 270 4306 71.796522
178 272 4307 71.813195
178 272 4308 71.829869
178 274 4309 71.846542
180 272 4312 71.896563
180 272 4313 71.913237
178 272 4314 71.929910
178 272 4316 71.963258
178 272 4317 71.979931
182 272 4318 71.996605
184 272 4321 72.046626
184 272 4322 72.063299
184 272 4323 72.079973
194 276 4331 72.213362
200 276 4332 72.230035
204 278 4334 72.263382
204 278 4335 72.280056
208 280 4337 72.313403
208 280 4338 72.330077
228 284 4346 72.463466
228 284 4347 72.480139
234 284 4349 72.513486
238 284 4350 72.530160
238 284 4351 72.546834
242 286 4352 72.563507
252 288 4358 72.663549
252 288 4359 72.680222
254 288 4360 72.696896
260 292 4364 72.763590
264 292 4367 72.813611
264 292 4368 72.830285
268 292 4374 72.930326
268 292 4375 72.947000
268 292 4376 72.963674
268 292 4377 72.980347
268 292 4379 73.013694
268 290 4382 73.063715
268 290 4383 73.080389
268 290 4384 73.097062
268 292 4386 73.130410
266 290 4387 73.147083
266 290 4388 73.163757
266 294 4402 73.397187
266 292 4403 73.413861
266 294 4404 73.430534
266 294 4405 73.447208
266 294 4406 73.463882
268 292 4407 73.480555
266 294 4408 73.497229
266 294 4409 73.513902
268 292 4410 73.530576
266 292 4411 73.547250
264 292 4414 73.597270
266 294 4417 73.647291
266 294 4418 73.663965
268 294 4421 73.713986
268 294 4422 73.730659
266 296 4426 73.797354
266 294 4428 73.830701
266 292 4432 73.897395
260 288 4437 73.980763
254 286 4440 74.030784
250 280 4444 74.097478
246 276 4445 74.114152
240 270 4449 74.180846
240 270 4450 74.197520
234 262 4452 74.230867
204 228 4466 74.464298
200 224 4469 74.514318
190 214 4474 74.597686
188 214 4475 74.614360
184 206 4479 74.681054
184 206 4480 74.697728
182 204 4483 74.747749
182 204 4484 74.764422
182 204 4494 74.931158
180 202 4500 75.031200
180 202 4503 75.081221
180 202 4506 75.131242
180 204 4508 75.164589
180 204 4509 75.181262
180 200 4512 75.231283
182 202 4513 75.247957
182 202 4514 75.264630
182 202 4515 75.281304
180 202 4516 75.297978
180 202 4517 75.314651
180 202 4518 75.331325
182 198 4522 75.398019
182 198 4523 75.414693
182 200 4524 75.431366
184 200 4527 75.481387
184 200 4528 75.498061
188 200 4531 75.548082
218 200 4541 75.714818
258 200 4550 75.864880
258 200 4551 75.881554
302 200 4559 76.014942
302 200 4560 76.031616
308 200 4561 76.048290
318 200 4563 76.081637
318 200 4564 76.098310
326 202 4566 76.131658
332 200 4567 76.148331
332 200 4568 76.165005
340 202 4570 76.198352
348 202 4574 76.265046
350 204 4575 76.281720
350 204 4576 76.298394
354 202 4578 76.331741
354 204 4582 76.398435
358 204 4590 76.531824
360 206 4600 76.698560
360 206 4601 76.715234
360 204 4604 76.765254
360 204 4605 76.781928
362 204 4606 76.798602
364 206 4612 76.898643
364 206 4613 76.915317
364 206 4614 76.931990
364 206 4621 77.048706
364 206 4622 77.065379
360 206 4627 77.148747
358 206 4628 77.165421
356 210 4636 77.298810
354 212 4637 77.315483
354 212 4641 77.382178
352 218 4646 77.465546
352 218 4647 77.482219
352 220 4650 77.532240
352 220 4651 77.548914
350 220 4655 77.615608
350 220 4656 77.632282
350 222 4659 77.682302
350 222 4660 77.698976
348 224 4665 77.782344
350 226 4667 77.815691
350 226 4668 77.832365
350 226 4669 77.849038
350 228 4673 77.915733
350 230 4680 78.032448
350 230 4681 78.049122
352 228 4684 78.099142
352 228 4685 78.115816
354 228 4686 78.132490
352 226 4689 78.182510
352 226 4690 78.199184
352 224 4691 78.215858
352 224 4696 78.299226
352 224 4697 78.315899
352 226 4699 78.349246
352 226 4704 78.432614
356 226 4708 78.499309
354 228 4709 78.515982
354 228 4710 78.532656
352 226 4711 78.549330
352 228 4712 78.566003
354 228 4716 78.632698
352 228 4720 78.699392
352 232 4723 78.749413
338 244 4733 78.916149
336 246 4734 78.932822
316 262 4742 79.066211
316 262 4743 79.082885
314 264 4744 79.099558
306 272 4746 79.132906
244 324 4770 79.533072
236 328 4778 79.666461
234 330 4780 79.699808
234 330 4781 79.716482
234 330 4785 79.783176
234 330 4786 79.799850
234 330 4787 79.816523
236 330 4795 79.949912
234 330 4801 80.049954
234 330 4802 80.066627
236 330 4804 80.099974
236 332 4805 80.116648
234 330 4818 80.333405
234 330 4819 80.350078
236 326 4825 80.450120
236 324 4826 80.466794
236 324 4827 80.483467
240 316 4831 80.550162
244 314 4832 80.566835
246 310 4833 80.583509
266 264 4847 80.816939
266 264 4848 80.833613
280 234 4856 80.967002
280 234 4857 80.983675
286 216 4863 81.083717
286 216 4864 81.100390
292 204 4872 81.233779
292 204 4873 81.250453
290 204 4875 81.283800
292 206 4877 81.317147
292 206 4878 81.333821
290 204 4883 81.417189
292 204 4886 81.467210
292 204 4887 81.483883
292 206 4888 81.500557
292 206 4895 81.617272
292 202 4902 81.733987
292 202 4903 81.750661
292 204 4904 81.767334
292 202 4905 81.784008
292 202 4906 81.800682
292 202 4907 81.817355
292 202 4908 81.834029
292 202 4913 81.917397
292 204 4914 81.934070
292 204 4915 81.950744
292 202 4918 82.000765
292 202 4919 82.017438
292 204 4922 82.067459
292 204 4923 82.084133
292 204 4924 82.100806
292 206 4925 82.117480
288 222 4934 82.267542
288 222 4935 82.284216
288 226 4936 82.300890
282 240 4941 82.384258
282 242 4942 82.400931
280 250 4945 82.450952
278 258 4947 82.484299
276 262 4948 82.500973
276 262 4949 82.517646
276 264 4950 82.534320
272 270 4951 82.550994
268 278 4955 82.617688
268 278 4956 82.634362
268 282 4957 82.651035
266 286 4958 82.667709
262 298 4963 82.751077
260 306 4967 82.817771
260 306 4968 82.834445
262 308 4970 82.867792
262 310 4972 82.901139
262 310 4973 82.917813
260 310 4975 82.951160
262 310 4981 83.051202
260 312 4986 83.134570
260 314 4987 83.151243
258 312 4988 83.167917
258 312 4989 83.184590
260 312 4990 83.201264
258 314 5000 83.368000
260 314 5015 83.618104
258 314 5017 83.651451
258 314 5021 83.718146
260 314 5022 83.734819
260 314 5023 83.751493
260 316 5028 83.834861
260 314 5029 83.851534
260 314 5033 83.918229
268 318 5040 84.034944
276 316 5046 84.134986
278 316 5047 84.151659
278 316 5048 84.168333
288 316 5053 84.251701
294 318 5059 84.351742
294 318 5060 84.368416
296 318 5061 84.385090
312 318 5078 84.668541
312 318 5092 84.901971
314 316 5093 84.918645
314 316 5094 84.935318
314 318 5095 84.951992
314 318 5098 85.002013
314 314 5105 85.118728
314 314 5106 85.135402
316 314 5108 85.168749
314 316 5116 85.302138
316 314 5120 85.368832
314 314 5121 85.385506
314 314 5122 85.402179
314 312 5126 85.468874
314 312 5127 85.485547
312 312 5128 85.502221
312 314 5129 85.518894
312 312 5133 85.585589
314 310 5136 85.635610
310 308 5139 85.685630
310 308 5140 85.702304
306 308 5142 85.735651
302 300 5146 85.802346
302 300 5147 85.819019
296 296 5149 85.852366
288 290 5153 85.919061
280 284 5157 85.985755
278 284 5158 86.002429
276 278 5159 86.019102
272 278 5160 86.035776
272 278 5161 86.052450
270 276 5162 86.069123
264 270 5164 86.102470
264 270 5165 86.119144
260 266 5166 86.135818
258 266 5167 86.152491
256 264 5168 86.169165
256 264 5169 86.185838
254 260 5170 86.202512
248 258 5172 86.235859
246 256 5173 86.252533
246 256 5174 86.269206
240 250 5179 86.352574
240 248 5180 86.369248
240 248 5181 86.385922
236 246 5182 86.402595
236 246 5183 86.419269
236 246 5184 86.435942
234 246 5187 86.485963
232 244 5200 86.702720
234 244 5203 86.752741
234 244 5204 86.769414
234 244 5207 86.819435
232 244 5210 86.869456
232 244 5211 86.886130
232 244 5212 86.902803
236 246 5225 87.119560
248 248 5233 87.252949
252 248 5234 87.269622
264 248 5239 87.352990
264 248 5240 87.369664
268 248 5241 87.386338
282 248 5246 87.469706
286 248 5247 87.486379
286 248 5248 87.503053
292 246 5249 87.519726
302 250 5253 87.586421
310 250 5255 87.619768
324 250 5260 87.703136
324 250 5261 87.719810
340 250 5268 87.836525
340 248 5269 87.853198
340 248 5270 87.869872
344 250 5272 87.903219
344 250 5273 87.919893
346 250 5274 87.936566
346 248 5275 87.953240
350 250 5278 88.003261
350 250 5279 88.019934
348 248 5281 88.053282
348 248 5282 88.069955
348 248 5283 88.086629
348 248 5287 88.153323
348 248 5288 88.169997
348 248 5289 88.186670
350 246 5290 88.203344
348 246 5297 88.320059
348 246 5298 88.336733
350 246 5300 88.370080
350 246 5301 88.386754
350 246 5302 88.403427
350 246 5306 88.470122
350 246 5307 88.486795
350 246 5309 88.520142
348 244 5312 88.570163
348 244 5313 88.586837
348 244 5314 88.603510
348 246 5316 88.636858
350 246 5317 88.653531
348 244 5320 88.703552
348 246 5322 88.736899
348 246 5323 88.753573
348 246 5324 88.770246
348 244 5325 88.786920
348 246 5326 88.803594
348 244 5329 88.853614
334 258 5350 89.203760
332 256 5351 89.220434
326 264 5359 89.353822
326 264 5360 89.370496
324 264 5362 89.403843
320 270 5374 89.603926
318 270 5379 89.687294
318 272 5381 89.720642
318 272 5382 89.737315
318 268 5383 89.753989
318 270 5389 89.854030
318 270 5390 89.870704
318 270 5391 89.887378
318 270 5393 89.920725
318 270 5394 89.937398
316 270 5396 89.970746
318 272 5400 90.037440
316 272 5405 90.120808
316 274 5406 90.137482
316 274 5407 90.154155
318 274 5410 90.204176
318 274 5414 90.270870
318 274 5415 90.287544
318 272 5418 90.337565
318 272 5419 90.354238
318 272 5420 90.370912
318 272 5421 90.387586
316 274 5430 90.537648
316 274 5431 90.554322
316 272 5432 90.570995
318 272 5433 90.587669
312 270 5443 90.754405
312 270 5444 90.771078
308 270 5447 90.821099
308 270 5448 90.837773
308 270 5449 90.854446
306 270 5450 90.871120
304 272 5451 90.887794
302 270 5452 90.904467
302 270 5453 90.921141
298 270 5455 90.954488
298 270 5456 90.971162
294 270 5459 91.021182
292 268 5462 91.071203
286 268 5463 91.087877
272 266 5477 91.321307
272 266 5478 91.337981
266 266 5481 91.388002
264 266 5484 91.438022
262 264 5487 91.488043
262 266 5489 91.521390
262 266 5490 91.538064
262 264 5494 91.604758
262 264 5495 91.621432
260 264 5496 91.638106
260 264 5498 91.671453
260 264 5499 91.688126
260 264 5503 91.754821
260 268 5505 91.788168
258 266 5510 91.871536
258 266 5511 91.888210
260 266 5515 91.954904
260 266 5516 91.971578
260 268 5519 92.021598
260 268 5520 92.038272
260 266 5522 92.071619
260 268 5525 92.121640
262 268 5526 92.138314
260 270 5527 92.154987
262 268 5542 92.405091
262 272 5544 92.438438
262 272 5545 92.455112
264 272 5547 92.488459
278 286 5558 92.671869
280 286 5559 92.688542
282 288 5560 92.705216
288 292 5563 92.755237
292 298 5565 92.788584
292 298 5566 92.805258
294 302 5567 92.821931
306 312 5572 92.905299
314 316 5576 92.971994
318 322 5578 93.005341
318 322 5579 93.022014
330 328 5585 93.122056
336 336 5593 93.255445
340 338 5597 93.322139
340 338 5602 93.405507
340 338 5603 93.422181
338 338 5614 93.605590
340 338 5617 93.655611
342 338 5622 93.738979
340 336 5631 93.889042
340 334 5636 93.972410
340 334 5637 93.989083
272 248 5851 97.557234
274 250 5852 97.573907
276 248 5853 97.590581
276 248 5854 97.607254
278 248 5855 97.623928
284 248 5857 97.657275
286 244 5861 97.723970
286 246 5862 97.740643
286 246 5863 97.757317
282 246 5868 97.840685
274 248 5876 97.974074
274 252 5877 97.990747
274 252 5880 98.040768
272 250 5882 98.074115
274 248 5887 98.157483
274 248 5888 98.174157
272 250 5889 98.190830
272 250 5893 98.257525
274 250 5895 98.290872
274 250 5896 98.307546
274 252 5897 98.324219
274 250 5898 98.340893
276 250 5901 98.390914
278 250 5905 98.457608
278 250 5906 98.474282
196 338 5908 98.507629
196 338 5909 98.524302
196 336 5919 98.691038
196 336 5923 98.757733
198 336 5926 98.807754
198 336 5927 98.824427
196 336 5936 98.974490
196 336 5937 98.991163
196 336 5938 99.007837
196 336 5939 99.024510
196 338 5940 99.041184
198 338 5945 99.124552
198 338 5946 99.141226
198 338 5949 99.191246
198 338 5950 99.207920
342 340 5973 99.591413
342 338 5981 99.724802
342 340 5988 99.841517
342 338 5990 99.874864
342 340 5993 99.924885
344 340 5994 99.941558
342 340 5997 99.991579
342 342 5998 100.008253
344 340 5999 100.024926
342 340 6002 100.074947
344 340 6003 100.091621
342 340 6006 100.141642
342 342 6012 100.241683
344 344 6016 100.308378
344 344 6017 100.325051
118 148 6035 100.625176
118 148 6041 100.725218
118 148 6042 100.741891
118 148 6056 100.975322
118 150 6058 101.008669
118 150 6068 101.175405
118 150 6069 101.192078
118 150 6070 101.208752
118 150 6079 101.358814
118 150 6080 101.375488
266 386 6123 102.092453
266 384 6131 102.225842
264 384 6150 102.542640
264 384 6151 102.559314
432 160 6152 102.575987
432 162 6155 102.626008
432 162 6156 102.642682
430 160 6176 102.976154
432 162 6182 103.076195
432 162 6189 103.192910
430 162 6191 103.226258
430 162 6194 103.276278
430 162 6196 103.309626
430 162 6197 103.326299
430 164 6204 103.443014
430 164 6205 103.459688
344 304 6215 103.626424
344 304 6219 103.693118
344 304 6226 103.809834
346 304 6229 103.859854
346 304 6230 103.876528
344 306 6231 103.893202
342 306 6237 103.993243
344 306 6248 104.176653
344 304 6251 104.226674
344 304 6252 104.243347
344 308 6253 104.260021
342 306 6256 104.310042
342 306 6258 104.343389
342 306 6259 104.360062
344 308 6262 104.410083
342 308 6265 104.460104
342 308 6270 104.543472
342 308 6271 104.560146
342 308 6272 104.576819
272 112 6283 104.760229
274 110 6322 105.410499
274 110 6323 105.427173
274 108 6325 105.460520
274 108 6326 105.477194
408 386 6338 105.677277
408 386 6339 105.693950
408 386 6352 105.910707
408 386 6353 105.927381
408 388 6383 106.427589
408 388 6386 106.477610
406 390 6391 106.560978
484 304 6396 106.644346
484 304 6397 106.661019
482 306 6398 106.677693
484 304 6399 106.694366
484 304 6400 106.711040
484 304 6401 106.727714
484 304 6402 106.744387
484 306 6403 106.761061
484 306 6405 106.794408
484 306 6406 106.811082
484 306 6425 107.127880
484 306 6426 107.144554
484 306 6429 107.194574
484 306 6430 107.211248
484 306 6431 107.227922
482 308 6437 107.327963
482 308 6450 107.544720
482 308 6451 107.561394
110 300 6458 107.678109
110 300 6461 107.728130
108 300 6462 107.744803
110 300 6464 107.778150
110 300 6465 107.794824
110 300 6466 107.811498
108 298 6469 107.861518
108 300 6470 107.878192
110 298 6478 108.011581
110 298 6479 108.028254
110 296 6484 108.111622
110 296 6487 108.161643
110 296 6488 108.178317
110 296 6491 108.228338
110 298 6494 108.278358
110 296 6497 108.328379
110 296 6498 108.345053
110 296 6499 108.361726
110 296 6501 108.395074
110 296 6502 108.411747
112 296 6504 108.445094
110 296 6507 108.495115
112 294 6508 108.511789
44 332 6520 108.711872
42 332 6540 109.045344
44 334 6547 109.162059
44 334 6548 109.178733
44 334 6562 109.412163
44 334 6565 109.462184
44 336 6566 109.478858
44 334 6571 109.562226
44 376 6591 109.895698
44 376 6633 110.595989
422 218 6642 110.746051
422 218 6652 110.912787
422 218 6653 110.929461
422 216 6663 111.096197
422 214 6693 111.596405
422 214 6694 111.613078
422 214 6696 111.646426
422 216 6698 111.679773
422 216 6699 111.696446
192 108 6702 111.746467
192 108 6703 111.763141
194 110 6710 111.879856
194 110 6711 111.896530
192 110 6717 111.996571
192 110 6721 112.063266
192 112 6723 112.096613
192 112 6724 112.113286
192 112 6729 112.196654
192 112 6732 112.246675
192 114 6748 112.513453
192 114 6749 112.530126
192 114 6752 112.580147
192 114 6753 112.596821
190 114 6757 112.663515
190 114 6758 112.680189
190 114 6760 112.713536
190 114 6761 112.730210
268 168 6762 112.746883
268 168 6764 112.780230
268 168 6765 112.796904
268 168 6767 112.830251
266 166 6773 112.930293
266 166 6774 112.946966
266 170 6775 112.963640
266 170 6776 112.980314
266 170 6777 112.996987
266 166 6778 113.013661
266 170 6781 113.063682
266 170 6782 113.080355
266 168 6783 113.097029
266 168 6791 113.230418
268 170 6793 113.263765
266 168 6794 113.280438
266 168 6795 113.297112
266 168 6796 113.313786
268 168 6797 113.330459
266 170 6800 113.380480
268 168 6801 113.397154
266 170 6802 113.413827
266 166 6808 113.513869
268 166 6810 113.547216
268 166 6811 113.563890
268 166 6812 113.580563
270 166 6819 113.697278
270 166 6820 113.713952
40 204 6826 113.813994
40 200 6840 114.047424
40 200 6841 114.064098
40 200 6849 114.197486
40 200 6855 114.297528
40 198 6856 114.314202
40 198 6857 114.330875
40 198 6858 114.347549
40 198 6869 114.530958
40 198 6870 114.547632
40 198 6877 114.664347
40 198 6878 114.681021
40 200 6880 114.714368
40 200 6883 114.764389
40 246 6890 114.881104
40 246 6891 114.897778
40 248 6894 114.947798
40 248 6895 114.964472
40 248 6898 115.014493
38 248 6904 115.114534
40 252 6913 115.264597
38 250 6914 115.281270
38 252 6917 115.331291
38 250 6922 115.414659
40 252 6927 115.498027
40 252 6928 115.514701
38 254 6939 115.698110
38 254 6945 115.798152
262 312 6946 115.814826
264 312 6956 115.981562
262 312 6960 116.048256
262 314 6963 116.098277
262 314 6964 116.114950
262 314 6968 116.181645
262 314 6969 116.198318
262 312 6980 116.381728
262 310 6981 116.398402
264 308 7005 116.798568
264 308 7006 116.815242
42 108 7009 116.865262
42 108 7013 116.931957
42 108 7014 116.948630
42 108 7015 116.965304
42 108 7018 117.015325
42 106 7020 117.048672
42 106 7021 117.065346
42 108 7030 117.215408
42 108 7031 117.232082
42 108 7032 117.248755
42 108 7033 117.265429
42 108 7034 117.282102
40 108 7039 117.365470
40 108 7040 117.382144
40 108 7041 117.398818
40 108 7042 117.415491
40 108 7043 117.432165
40 110 7044 117.448838
40 110 7045 117.465512
40 108 7047 117.498859
40 110 7051 117.565554
40 110 7056 117.648922
40 110 7059 117.698942
40 110 7060 117.715616
40 110 7061 117.732290
40 110 7062 117.748963
40 110 7063 117.765637
494 128 7069 117.865678
494 128 7070 117.882352
494 128 7071 117.899026
494 130 7073 117.932373
494 130 7074 117.949046
492 130 7076 117.982394
492 130 7080 118.049088
492 130 7081 118.065762
492 130 7085 118.132456
492 130 7086 118.149130
490 132 7093 118.265845
490 132 7097 118.332539
492 132 7102 118.415907
492 132 7103 118.432581
492 132 7104 118.449254
492 132 7105 118.465928
492 132 7106 118.482602
490 132 7111 118.565970
490 132 7112 118.582643
490 132 7113 118.599317
492 132 7121 118.732706
492 132 7123 118.766053
490 178 7132 118.916115
490 178 7133 118.932789
488 178 7139 119.032830
488 178 7140 119.049504
488 178 7141 119.066178
490 178 7147 119.166219
490 176 7152 119.249587
490 176 7153 119.266261
490 176 7154 119.282934
490 176 7155 119.299608
490 176 7157 119.332955
490 176 7161 119.399650
490 174 7164 119.449670
490 174 7167 119.499691
492 174 7172 119.583059
492 174 7182 119.749795
490 174 7188 119.849837
490 174 7189 119.866510
182 390 7202 120.083267
182 394 7240 120.716864
344 124 7252 120.916947
346 126 7253 120.933621
346 126 7269 121.200398
346 126 7272 121.250419
346 126 7274 121.283766
346 126 7275 121.300440
346 126 7276 121.317114
346 126 7278 121.350461
344 126 7281 121.400482
346 126 7285 121.467176
344 126 7288 121.517197
346 126 7306 121.817322
258 356 7314 121.950710
258 356 7315 121.967384
258 356 7319 122.034078
258 356 7328 122.184141
260 354 7332 122.250835
260 354 7333 122.267509
258 354 7339 122.367550
260 352 7352 122.584307
262 352 7359 122.701022
260 354 7366 122.817738
260 354 7367 122.834411
260 354 7368 122.851085
408 354 7378 123.017821
408 354 7379 123.034494
408 354 7385 123.134536
408 356 7398 123.351293
408 356 7402 123.417987
406 356 7403 123.434661
406 356 7404 123.451334
406 356 7406 123.484682
406 356 7407 123.501355
406 356 7408 123.518029
406 356 7409 123.534702
408 356 7411 123.568050
408 356 7412 123.584723
408 356 7413 123.601397
408 356 7414 123.618070
406 358 7424 123.784806
406 358 7429 123.868174
182 216 7439 124.034910
184 218 7441 124.068258
184 216 7442 124.084931
184 216 7443 124.101605
184 218 7444 124.118278
182 218 7448 124.184973
182 218 7451 124.234994
184 216 7452 124.251667
186 218 7461 124.401730
186 218 7465 124.468424
184 220 7469 124.535118
184 218 7473 124.601813
184 218 7475 124.635160
182 218 7476 124.651834
182 218 7477 124.668507
184 218 7478 124.685181
184 216 7482 124.751875
184 218 7483 124.768549
184 218 7484 124.785222
182 216 7486 124.818570
184 216 7490 124.885264
184 218 7491 124.901938
184 214 7492 124.918611
184 214 7493 124.935285
486 222 7496 124.985306
486 222 7497 125.001979
486 222 7498 125.018653
488 220 7500 125.052000
488 222 7501 125.068674
488 222 7502 125.085347
488 220 7511 125.235410
488 220 7512 125.252083
488 222 7513 125.268757
488 222 7514 125.285430
488 220 7515 125.302104
488 220 7517 125.335451
488 220 7518 125.352125
488 220 7546 125.818986
488 220 7547 125.835659
488 220 7548 125.852333
488 220 7550 125.885680
488 220 7551 125.902354
488 220 7553 125.935701
416 264 7558 126.019069
416 266 7562 126.085763
416 264 7567 126.169131
416 264 7568 126.185805
416 266 7569 126.202478
418 264 7572 126.252499
418 264 7573 126.269173
420 264 7579 126.369214
420 264 7580 126.385888
426 260 7584 126.452582
426 260 7585 126.469256
426 260 7588 126.519277
426 260 7589 126.535950
430 258 7594 126.619318
430 258 7595 126.635992
430 260 7597 126.669339
430 260 7598 126.686013
428 260 7602 126.752707
428 262 7606 126.819402
424 262 7616 126.986138
270 260 7619 127.036158
270 260 7621 127.069506
270 260 7622 127.086179
270 260 7623 127.102853
272 262 7624 127.119526
270 260 7627 127.169547
272 260 7630 127.219568
272 260 7631 127.236242
270 260 7632 127.252915
272 260 7638 127.352957
272 260 7639 127.369630
270 262 7640 127.386304
270 260 7641 127.402978
272 260 7642 127.419651
274 260 7648 127.519693
270 258 7649 127.536366
274 260 7650 127.553040
274 260 7651 127.569714
272 260 7654 127.619734
272 260 7655 127.636408
272 260 7656 127.653082
274 258 7658 127.686429
272 260 7659 127.703102
272 260 7660 127.719776
270 258 7661 127.736450
272 260 7667 127.836491
274 258 7668 127.853165
274 258 7669 127.869838
272 258 7670 127.886512
476 386 7714 128.620150
476 386 7715 128.636824
476 386 7730 128.886928
476 386 7731 128.903602
482 348 7748 129.187053
480 350 7767 129.503851
480 350 7768 129.520525
478 350 7771 129.570546
478 350 7772 129.587219
478 350 7774 129.620566
478 350 7775 129.637240
478 352 7782 129.753955
480 352 7800 130.054080
352 170 7801 130.070754
352 170 7802 130.087427
350 172 7807 130.170795
350 170 7808 130.187469
350 170 7812 130.254163
348 170 7815 130.304184
350 170 7816 130.320858
352 170 7833 130.604309
352 170 7834 130.620982
350 168 7835 130.637656
350 168 7836 130.654330
350 168 7837 130.671003
350 168 7838 130.687677
350 168 7839 130.704350
350 168 7841 130.737698
350 168 7842 130.754371
350 168 7843 130.771045
350 168 7847 130.837739
350 168 7848 130.854413
350 168 7849 130.871086
352 166 7850 130.887760
352 166 7853 130.937781
350 166 7858 131.021149
346 260 7867 131.171211
346 260 7872 131.254579
346 260 7873 131.271253
350 260 7887 131.504683
348 260 7888 131.521357
348 260 7889 131.538030
346 260 7895 131.638072
348 260 7902 131.754787
348 260 7903 131.771461
348 262 7904 131.788134
348 260 7909 131.871502
348 260 7910 131.888176
348 260 7911 131.904850
348 260 7913 131.938197
348 260 7917 132.004891
346 262 7922 132.088259
346 262 7923 132.104933
346 262 7924 132.121606
190 256 7925 132.138280
190 256 7926 132.154954
190 256 7929 132.204974
190 258 7930 132.221648
192 258 7931 132.238322
192 258 7932 132.254995
190 256 7933 132.271669
190 256 7934 132.288342
190 256 7935 132.305016
192 258 7936 132.321690
190 258 7942 132.421731
190 258 7943 132.438405
190 258 7944 132.455078
190 258 7946 132.488426
190 258 7950 132.555120
190 260 7951 132.571794
192 260 7958 132.688509
192 260 7959 132.705182
192 260 7960 132.721856
190 260 7962 132.755203
188 260 7967 132.838571
188 260 7968 132.855245
188 260 7969 132.871918
190 260 7971 132.905266
190 260 7972 132.921939
188 262 7973 132.938613
188 262 7974 132.955286
190 260 7975 132.971960
188 260 7979 133.038654
42 158 7984 133.122022
42 158 7991 133.238738
42 158 7993 133.272085
42 158 7994 133.288758
42 158 7996 133.322106
42 158 7997 133.338779
42 158 7998 133.355453
42 158 7999 133.372126
42 158 8000 133.388800
42 158 8001 133.405474
42 158 8008 133.522189
42 156 8010 133.555536
42 156 8011 133.572210
42 156 8012 133.588883
42 158 8013 133.605557
42 158 8014 133.622230
42 158 8015 133.638904
42 158 8021 133.738946
42 156 8026 133.822314
42 156 8027 133.838987
42 156 8033 133.939029
42 154 8034 133.955702
44 292 8053 134.272501
44 292 8054 134.289174
44 292 8055 134.305848
46 290 8066 134.489258
44 290 8073 134.605973
44 290 8074 134.622646
44 290 8075 134.639320
44 292 8079 134.706014
44 290 8080 134.722688
44 292 8081 134.739362
44 292 8082 134.756035
44 292 8083 134.772709
44 292 8097 135.006139
44 292 8098 135.022813
44 292 8099 135.039486
44 292 8100 135.056160
44 292 8101 135.072834
44 292 8102 135.089507
118 110 8108 135.189549
118 110 8112 135.256243
118 110 8113 135.272917
118 110 8114 135.289590
118 110 8115 135.306264
116 112 8122 135.422979
116 112 8123 135.439653
116 112 8131 135.573042
116 112 8132 135.589715
116 112 8133 135.606389
116 112 8134 135.623062
116 112 8135 135.639736
116 112 8136 135.656410
118 112 8138 135.689757
116 112 8139 135.706430
116 112 8140 135.723104
116 112 8141 135.739778
116 112 8144 135.789798
116 112 8145 135.806472
118 112 8155 135.973208
116 114 8156 135.989882
116 114 8157 136.006555
116 114 8159 136.039902
116 114 8164 136.123270
116 114 8165 136.139944
116 114 8166 136.156618
110 210 8175 136.306680
114 210 8184 136.456742
112 210 8186 136.490090
112 210 8187 136.506763
114 210 8189 136.540110
112 208 8201 136.740194
114 208 8204 136.790214
114 208 8205 136.806888
112 206 8215 136.973624
112 206 8216 136.990298
112 206 8217 137.006971
114 206 8223 137.107013
114 206 8224 137.123686
114 206 8226 137.157034
114 252 8234 137.290422
114 252 8236 137.323770
114 252 8237 137.340443
116 252 8240 137.390464
116 252 8241 137.407138
114 252 8246 137.490506
114 250 8247 137.507179
116 252 8252 137.590547
116 252 8253 137.607221
116 250 8255 137.640568
114 252 8261 137.740610
114 252 8262 137.757283
114 252 8263 137.773957
116 254 8281 138.074082
112 254 8286 138.157450
112 254 8287 138.174123
114 254 8289 138.207470
114 254 8290 138.224144
490 266 8351 139.241234
490 264 8352 139.257907
490 266 8357 139.341275
490 266 8358 139.357949
490 264 8359 139.374622
490 266 8360 139.391296
490 266 8361 139.407970
490 266 8363 139.441317
488 266 8364 139.457990
488 266 8369 139.541358
488 266 8370 139.558032
490 264 8371 139.574706
488 266 8373 139.608053
488 266 8374 139.624726
488 266 8375 139.641400
488 264 8377 139.674747
490 264 8380 139.724768
488 264 8390 139.891504
488 264 8391 139.908178
488 264 8392 139.924851
488 262 8394 139.958198
488 262 8395 139.974872
488 262 8396 139.991546
488 262 8398 140.024893
490 262 8402 140.091587
490 262 8403 140.108261
490 262 8404 140.124934
490 262 8411 140.241650
190 302 8414 140.291670
188 302 8422 140.425059
188 302 8424 140.458406
188 302 8425 140.475080
188 302 8426 140.491754
188 302 8427 140.508427
188 302 8435 140.641816
188 302 8436 140.658490
188 302 8437 140.675163
188 302 8438 140.691837
188 302 8440 140.725184
188 302 8441 140.741858
188 302 8444 140.791878
188 302 8445 140.808552
190 304 8451 140.908594
188 304 8452 140.925267
190 304 8455 140.975288
190 306 8456 140.991962
190 306 8457 141.008635
188 304 8458 141.025309
190 304 8459 141.041982
186 304 8465 141.142024
186 304 8466 141.158698
186 306 8469 141.208718
186 306 8470 141.225392
186 306 8471 141.242066
188 164 8473 141.275413
190 164 8476 141.325434
190 164 8477 141.342107
190 164 8478 141.358781
190 164 8479 141.375454
192 162 8480 141.392128
190 164 8481 141.408802
190 164 8482 141.425475
192 164 8484 141.458822
190 164 8485 141.475496
192 164 8488 141.525517
192 164 8492 141.592211
190 164 8494 141.625558
190 164 8495 141.642232
190 164 8496 141.658906
190 166 8497 141.675579
190 166 8498 141.692253
190 164 8499 141.708926
190 164 8500 141.725600
192 164 8505 141.808968
190 166 8506 141.825642
190 164 8508 141.858989
190 164 8509 141.875662
190 166 8511 141.909010
190 166 8512 141.925683
190 166 8513 141.942357
188 166 8514 141.959030
188 166 8517 142.009051
188 166 8520 142.059072
188 166 8521 142.075746
188 166 8527 142.175787
188 166 8528 142.192461
190 166 8529 142.209134
188 166 8531 142.242482
426 126 8535 142.309176
424 126 8538 142.359197
424 126 8542 142.425891
426 124 8544 142.459238
426 124 8549 142.542606
426 124 8550 142.559280
426 124 8555 142.642648
426 124 8556 142.659322
426 122 8563 142.776037
426 122 8564 142.792710
426 122 8565 142.809384
426 122 8568 142.859405
426 122 8572 142.926099
426 122 8573 142.942773
426 122 8574 142.959446
426 122 8575 142.976120
426 122 8576 142.992794
426 122 8577 143.009467
426 122 8579 143.042814
426 122 8580 143.059488
426 122 8582 143.092835
426 122 8583 143.109509
426 122 8588 143.192877
426 120 8589 143.209550
426 120 8590 143.226224
426 120 8591 143.242898
426 120 8592 143.259571
426 120 8593 143.276245
336 392 8598 143.359613
336 392 8599 143.376286
336 394 8604 143.459654
336 394 8605 143.476328
336 394 8606 143.493002
336 394 8609 143.543022
336 394 8610 143.559696
334 398 8652 144.259987
336 396 8653 144.276661
336 396 8654 144.293334
334 398 8655 144.310008
110 348 8664 144.460070
112 348 8672 144.593459
112 348 8673 144.610133
112 348 8674 144.626806
114 350 8675 144.643480
114 350 8676 144.660154
112 348 8681 144.743522
112 348 8684 144.793542
112 348 8685 144.810216
112 348 8686 144.826890
112 348 8689 144.876910
112 348 8690 144.893584
112 348 8691 144.910258
112 348 8692 144.926931
112 348 8694 144.960278
112 348 8695 144.976952
112 348 8696 144.993626
114 350 8697 145.010299
112 348 8699 145.043646
112 348 8700 145.060320
112 348 8701 145.076994
110 346 8705 145.143688
346 218 8718 145.360445
346 218 8723 145.443813
346 218 8730 145.560528
348 216 8731 145.577202
344 216 8736 145.660570
346 216 8739 145.710590
346 216 8741 145.743938
346 216 8742 145.760611
344 214 8757 146.010715
344 216 8765 146.144104
344 216 8766 146.160778
346 216 8768 146.194125
346 216 8769 146.210798
346 216 8770 146.227472
414 310 8781 146.410882
414 308 8782 146.427555
414 308 8783 146.444229
414 308 8784 146.460902
414 310 8785 146.477576
414 310 8786 146.494250
414 310 8787 146.510923
414 310 8788 146.527597
414 310 8790 146.560944
414 310 8791 146.577618
414 310 8799 146.711006
414 310 8800 146.727680
414 312 8801 146.744354
412 312 8804 146.794374
412 312 8805 146.811048
412 312 8806 146.827722
412 312 8807 146.844395
412 314 8808 146.861069
412 314 8809 146.877742
412 314 8811 146.911090
412 314 8814 146.961110
412 312 8815 146.977784
412 312 8816 146.994458
412 312 8817 147.011131
412 312 8818 147.027805
412 314 8819 147.044478
412 314 8820 147.061152
412 314 8821 147.077826
412 314 8829 147.211214
412 314 8830 147.227888
412 314 8831 147.244562
412 314 8832 147.261235
412 312 8833 147.277909
412 312 8834 147.294582
412 312 8835 147.311256
412 314 8837 147.344603
266 220 8841 147.411298
264 220 8852 147.594707
264 218 8853 147.611381
264 218 8857 147.678075
264 216 8860 147.728096
264 216 8866 147.828138
264 216 8867 147.844811
266 216 8868 147.861485
266 216 8869 147.878158
266 216 8872 147.928179
268 216 8874 147.961526
266 214 8877 148.011547
264 214 8879 148.044894
264 214 8880 148.061568
266 214 8887 148.178283
266 214 8888 148.194957
266 214 8889 148.211630
266 214 8890 148.228304
266 216 8891 148.244978
266 216 8892 148.261651
268 214 8893 148.278325
268 214 8894 148.294998
268 214 8895 148.311672
268 214 8896 148.328346
268 214 8897 148.345019
184 348 8903 148.445061
184 348 8908 148.528429
184 348 8909 148.545102
184 348 8912 148.595123
186 350 8920 148.728512
186 348 8921 148.745186
186 348 8922 148.761859
184 348 8923 148.778533
186 350 8929 148.878574
186 350 8930 148.895248
186 350 8931 148.911922
336 356 8962 149.428803
336 356 8963 149.445477
336 356 8964 149.462150
336 358 8984 149.795622
336 358 8985 149.812296
334 358 8995 149.979032
334 358 9003 150.112421
334 358 9004 150.129094
334 358 9008 150.195789
334 358 9009 150.212462
334 358 9010 150.229136
334 358 9012 150.262483
334 358 9013 150.279157
336 356 9020 150.395872
194 264 9495 158.315832
194 264 9496 158.332506
196 266 9498 158.365853
196 266 9499 158.382526
196 264 9500 158.399200
196 262 9502 158.432547
196 262 9503 158.449221
196 262 9509 158.549262
196 264 9515 158.649304
196 264 9516 158.665978
198 262 9517 158.682651
196 262 9520 158.732672
198 264 9522 158.766019
196 262 9525 158.816040
196 262 9527 158.849387
196 262 9528 158.866061
196 264 9530 158.899408
198 264 9531 158.916082
194 264 9535 158.982776
194 264 9536 158.999450
194 264 9537 159.016123
194 266 9541 159.082818
196 264 9542 159.099491
194 266 9543 159.116165
194 264 9545 159.149512
194 264 9546 159.166186
34 312 10002 166.769347
38 314 10003 166.786021
38 314 10004 166.802694
44 312 10006 166.836042
46 310 10007 166.852715
48 312 10010 166.902736
48 310 10011 166.919410
